1	48594292513	227.06
1	442291816957	130.16
1	48111610261	203.16
1	48492536750	210.53
1	48686948111	215.43
1	444043345502	114.09
1	33256134299	28.75
1	49430097213	82.84
1	445010674167	100.84
1	49598575318	81.31
1	48442181142	158.05
1	446042350015	123.04
1	48479198854	264.00
1	396797008590	140.08
1	445975113561	123.59
1	444065928338	108.33
1	392098794524	152.10
1	49189634328	87.50
1	48607554290	244.72
1	48685573121	191.35
1	48646328645	200.72
1	49605094350	86.88
1	48406513600	260.81
1	33564668338	30.52
1	49199918322	93.27
1	445646577820	120.92
1	48143126395	201.06
1	33579849861	29.31
1	48363689070	167.37
1	442668239864	122.35
1	48600331528	206.12
1	48543815977	195.20
1	49195886755	87.75
1	49254193133	75.61
1	441425565649	105.40
1	49473731743	83.75
1	33301267414	28.80
1	48584865616	173.57
1	48239196767	209.69
1	49155083715	86.93
1	442622948899	137.67
1	48214689074	213.82
1	444010295934	135.90
1	391693171411	135.48
1	48569029941	241.61
1	48535979748	213.21
1	49407977952	89.95
1	48249034386	212.72
1	48554970303	215.40
1	49469818768	86.72
1	396614514541	132.71
1	33634794079	27.95
1	48606178234	204.91
1	48610134049	168.10
1	446561019983	128.62
1	391904600662	116.23
1	49510752959	87.03
1	443759078142	108.07
1	442485518462	96.80
1	396848216367	127.62
1	48319510120	150.55
1	444117018086	102.94
1	48276016115	175.76
1	48244135655	187.19
1	49643688813	88.38
1	441789910641	109.09
1	442239102202	81.66
1	441345647742	134.20
1	442929483106	92.64
1	48253381938	201.95
1	48490405082	220.60
1	49174799970	86.49
1	33334777088	29.77
1	48441770127	241.93
1	48270125068	244.74
1	444602586844	108.33
1	49267033517	83.81
1	48383959041	210.34
1	396057051586	129.40
1	49243468536	88.61
1	48543223909	240.09
1	443721206335	114.32
1	48275524741	211.68
1	49629230525	85.68
1	391381840846	111.87
1	48397158576	186.26
1	445021807589	107.46
1	49323746325	76.57
1	394494421033	109.25
1	33439233541	29.82
1	49357725250	84.15
1	444064442656	93.12
1	48696379666	264.31
1	48576392329	214.24
1	48278690837	167.11
1	48302133620	204.43
1	49374026006	93.74
1	33454010332	30.77
1	33357690883	29.47
1	49138091671	81.26
1	33611810497	28.34
1	48238813702	241.78
1	48354182401	227.04
1	48279115607	196.13
1	48130720776	202.91
1	48237977107	182.46
1	48192978533	193.88
1	445070692298	115.01
1	48444101615	216.59
1	48157962682	193.11
1	48524856770	208.69
1	49309710665	84.58
1	443673830600	128.57
1	48137934144	197.64
1	444267872949	103.88
1	446293979378	108.44
1	48321075549	206.64
1	48203677275	236.42
1	49677196292	90.62
1	441359972755	102.71
1	48133135565	223.11
1	392741301943	120.97
1	48270599959	232.46
1	392614896960	112.92
2	48599912322	233.94
2	446927867929	104.99
2	394220468169	131.04
2	392781887027	135.85
2	49590549329	86.15
2	444078548956	72.53
2	391505113525	109.53
2	48264413298	124.76
2	391574785851	95.92
2	33685897433	30.18
2	48325866322	174.71
2	48172933912	186.83
2	49690286785	86.65
2	48625301865	188.38
2	49305635031	86.44
2	48159146819	185.35
2	394355425684	129.57
2	48630462646	241.75
2	446307124623	121.36
2	49343410012	89.98
2	443046932002	133.32
2	445456500338	120.61
2	33445072040	29.67
2	48208828650	222.29
2	48391153974	206.33
2	444073224241	91.24
2	446541912082	97.56
2	441134582554	102.26
2	443197417289	94.45
2	391549368304	133.97
2	48463597928	199.81
2	48213717571	142.25
2	48202807042	228.58
2	48117804493	233.13
2	49182763340	84.85
2	395286564936	118.79
2	33414031444	32.68
2	48516474380	209.09
2	441984770374	125.88
2	444882768716	126.46
2	48271905705	200.70
2	444679880815	112.93
2	48659223348	228.15
2	48362197766	192.59
2	49303865643	82.36
2	33220534864	29.63
2	442873795102	98.87
2	49642207908	84.71
2	444818269922	83.77
2	445273314103	122.71
2	48206832535	201.68
2	48198885583	199.78
2	48610780718	135.56
2	33604631635	29.30
2	392064148081	169.97
2	33509806665	30.05
2	441223615004	97.98
2	48342089855	181.79
2	48309554740	221.64
2	48481394940	230.65
2	48553669211	168.02
2	48267786389	203.11
2	48655352725	185.54
2	48482387344	224.72
2	48372120387	177.48
2	49680257007	81.98
2	443413716983	114.48
2	33244297538	28.89
2	49243726427	71.81
2	48642252266	246.51
2	48174559109	169.48
2	48204098174	170.49
2	48577799212	184.92
2	48416826480	221.49
2	49334646768	87.53
2	48475563666	172.00
2	49374340653	79.84
2	443797582412	120.87
2	48515054857	194.42
2	49666519728	80.98
2	48389096157	190.61
2	49539361836	89.46
2	393563631748	122.55
2	33270992747	31.72
2	48383042620	251.82
2	49398536777	76.68
2	446130865313	120.10
2	48401341119	168.95
2	49323916656	97.97
2	394565434960	128.40
2	33525566363	30.61
2	49240103977	84.37
2	48198070299	187.69
2	48119943070	230.73
2	49631447688	83.48
2	442910596363	94.89
2	48242861426	207.83
2	48210066728	208.59
2	49625781895	86.63
2	395731955564	128.83
2	49297903551	78.77
2	443880456023	115.79
2	442410150208	109.14
2	48150073146	226.64
2	443350941816	113.45
2	48650847621	194.31
2	48571796196	241.22
2	48597070921	177.84
2	391365277918	79.84
2	48382202184	223.05
2	48437209400	212.06
2	48511856967	239.53
2	33327648549	26.86
2	446672077082	143.90
2	48295892266	202.68
2	394791889399	122.09
2	48624383808	213.50
2	443744560710	145.58
2	33500705595	28.18
2	444874378756	96.19
2	33441721759	28.85
2	48144531833	209.30
2	443063493649	93.13
2	49302182299	82.69
2	444420837033	100.62
2	33625901975	31.64
2	48568050363	225.68
2	442163184084	88.87
2	48290309619	205.14
2	441628655479	108.61
2	48116832042	168.49
2	441399777903	65.65
2	48597553418	155.41
2	48471687852	207.25
2	442739597813	120.60
2	48347916945	220.72
2	48669958380	239.01
2	33660191005	29.06
2	49146986412	84.42
2	396128003147	123.18
2	48630350390	173.52
2	48694433479	227.05
3	48517002913	220.59
3	49656989808	86.97
3	446523167188	107.60
3	48327625184	218.15
3	444255292468	116.14
3	444836266012	111.23
3	49181380419	88.94
3	48471312178	155.41
3	446827517564	112.59
3	49378628538	83.32
3	446994678802	122.33
3	446039800363	103.85
3	445838331544	107.63
3	48336299160	197.09
3	48513689566	206.98
3	444884806727	99.99
3	48300669629	186.20
3	48648317499	216.96
3	49327481543	83.48
3	442010712224	102.68
3	49405116621	78.91
3	49261781080	82.56
3	49235477821	85.36
3	49313317244	82.08
3	48498225191	198.83
3	48559158283	174.83
3	396153674411	117.42
3	33475595269	30.62
3	392366995038	153.50
3	48214784628	169.86
3	441232504882	110.48
3	443982128531	122.10
3	395155767872	120.01
3	48157368118	157.52
3	49676515322	87.00
3	48598548574	201.10
3	33274224438	28.75
3	48166173191	211.58
3	394521035170	81.38
3	33582904331	30.38
3	48110385671	215.43
3	33187043958	31.71
3	393640673906	122.47
3	446301808390	103.28
3	391534425115	115.49
3	445492726006	105.76
3	444361783259	101.55
3	442815768176	118.29
3	444281820548	102.66
3	48285371050	207.75
3	48319869205	243.77
3	445829475218	91.08
3	49171511157	99.13
3	49390555530	88.45
3	33170075916	28.81
3	442122992687	99.59
3	48114160253	151.79
3	443735371349	138.97
3	48448947796	287.01
3	442909426033	109.84
3	443757813735	108.57
3	49479336209	91.21
3	48699249761	237.16
3	444422675644	117.41
3	48618011588	239.35
3	443522303212	115.11
3	49655953021	78.74
3	444563231544	100.75
3	33645649879	30.66
3	48307984302	204.09
3	442603994688	89.21
3	48220143161	173.61
3	33498551138	28.49
3	33209982843	31.75
3	394730699859	112.69
3	441263918067	110.24
3	49624767780	76.24
3	441814512952	98.55
3	441768890689	122.69
3	443695826902	101.01
3	396086666245	133.30
3	33209548992	32.01
3	48485907885	243.50
3	48349597696	163.27
3	443634488895	75.54
3	48582795147	276.52
3	49155872949	87.26
3	48524881397	181.03
3	48266793882	185.69
3	48113379628	210.24
4	392309739730	94.43
4	48645928584	218.10
4	49275280377	86.24
4	443095837849	100.29
4	48646493551	212.04
4	48417302144	203.07
4	442714794414	99.56
4	49340495590	86.45
4	48264061252	236.35
4	443244220649	114.37
4	48286718811	216.11
4	48477157568	241.17
4	48254056238	254.29
4	48682171009	226.03
4	446487726966	117.72
4	443068258671	130.32
4	48590633870	206.04
4	445905771513	112.80
4	396055449983	125.17
4	48177188469	222.17
4	441736427455	110.79
4	33545640745	28.82
4	48448120201	238.42
4	49555751543	82.20
4	48571110756	204.45
4	48214874678	197.11
4	33313044632	28.15
4	48293336116	219.79
4	48387877715	194.37
4	441878492839	116.11
4	48303633743	190.40
4	395060332141	101.28
4	48333458886	243.60
4	48683411777	185.10
4	442403981775	115.46
4	48421351415	234.33
4	49422248227	86.65
4	48265762597	158.72
4	48632293130	202.16
4	48163731292	249.61
4	48541764380	275.58
4	48592117941	235.07
4	33496152470	29.08
4	443364894044	117.21
4	49680469344	78.86
4	443801601072	112.33
4	446518846907	124.28
4	33598962241	29.35
4	48680552090	201.87
4	48172606892	225.90
4	48155857427	243.42
4	48648400134	161.71
4	49412476877	86.24
4	49634821746	84.28
4	48365139614	226.70
4	441821197023	120.19
4	395834584909	156.02
4	49328266604	82.93
4	48161964539	230.03
4	33544084263	31.74
4	442474749343	110.40
4	396550652743	145.34
4	445501581530	101.54
4	49136454124	91.19
4	49419866479	85.11
4	49420819449	81.40
4	48131890743	167.75
4	48426283305	240.23
4	48396718387	244.37
4	445660226224	110.95
4	48446383581	173.47
4	48595430516	162.44
4	442136997531	111.13
4	48489531067	192.24
4	48604415172	194.30
4	443628346705	121.39
4	49531667241	79.17
4	48615569681	270.72
4	48389620564	244.54
4	445457375498	99.21
4	49536269611	83.19
4	443894653504	115.30
4	446217115527	103.05
4	446845522748	112.27
4	48619547361	220.03
4	48478761270	238.19
4	394501092892	96.09
4	445194025653	114.93
4	446575591503	111.74
4	445705003460	107.90
4	48303314652	243.14
4	442445197459	138.96
4	395162934051	139.43
4	443157758424	106.33
4	49198115731	85.20
4	49610650421	84.63
4	48296256762	237.89
4	396233586738	124.64
4	442816231228	97.02
4	48606584533	177.43
4	48496622521	226.91
4	33335648583	32.23
4	48148238554	165.02
4	49487031580	83.24
4	49509136416	87.52
4	48558471719	204.28
4	33394741588	27.72
4	445423353682	126.96
4	444658418146	100.10
4	49673505803	77.51
4	33399655215	30.65
4	394210104143	141.76
4	444000645065	110.05
4	446590350487	104.21
4	445455190085	109.38
4	48141316468	224.43
4	48281443497	173.64
4	444478082676	107.19
4	33140440723	30.94
4	48595058877	214.69
4	443541460077	94.57
4	441260502280	110.38
4	48547159459	208.06
4	48161367274	143.11
4	443144043991	86.59
4	49258186289	87.41
4	441617807243	130.56
4	49377951846	85.75
4	49225916009	85.81
4	444979132753	113.70
4	443842970572	119.16
4	48299194968	230.50
4	48543465769	177.01
4	49370688906	83.72
4	48549314612	152.56
4	446020333437	122.42
4	33376894814	29.94
4	392568798273	91.41
4	48386410154	202.49
4	48312612365	152.83
4	33551551495	33.47
4	444705047098	105.92
4	444183664928	82.91
4	445952914840	98.90
4	446410933184	99.41
4	396317158475	131.20
4	444603047045	129.07
5	444629356154	148.95
5	48156725401	204.50
5	48689809495	233.74
5	392053619563	154.81
5	48521850190	184.24
5	444783009330	111.51
5	48520028547	229.15
5	48533687946	249.18
5	441473931288	135.13
5	393952858868	93.38
5	48591308728	178.68
5	49605455366	85.34
5	48589350933	232.40
5	48272266622	266.65
5	49509208171	88.17
5	441767067903	108.74
5	442058287497	104.34
5	48627127937	215.85
5	48359026017	193.26
5	442831785535	115.98
5	396249781945	107.95
5	395684588201	142.47
5	48441318236	212.48
5	48613497278	224.18
5	33244178172	28.51
5	391474150493	129.10
5	48401784848	204.38
5	48638440215	230.92
5	48241916863	238.41
5	33660683613	26.26
5	48668058167	227.46
5	48618688572	238.23
5	392224952213	133.46
5	442579728234	109.86
5	48378765760	169.80
5	441299831818	124.28
5	446198882086	108.03
5	48151490830	198.48
5	33118924187	30.74
5	49394752375	89.70
5	48173308056	256.52
5	441985679920	120.75
5	48200782994	232.46
5	441479735908	77.99
5	49176451729	84.37
5	443552603538	123.30
5	48393607845	173.84
5	49490581918	79.75
5	48366929165	229.68
5	48246274889	224.01
5	446119690326	83.68
5	49242534753	92.89
5	445354322340	94.22
5	394572453404	110.21
5	33543016601	30.76
5	441989512356	119.12
5	48247586908	228.84
5	48378868754	229.89
5	444115791083	113.49
5	48369234027	267.81
5	394848228803	119.03
5	442944499870	107.84
5	33546910409	27.99
5	49696956037	79.64
5	445812129506	105.05
5	441173280766	94.58
5	48678068171	203.77
5	446102847397	89.44
5	48656150777	200.61
5	445375632913	96.40
5	48302232062	189.61
5	442676860625	101.38
5	33395196999	28.92
5	48571460218	219.98
5	48501600117	233.87
5	48470574698	229.83
5	48446126365	208.97
5	445242655675	112.14
5	33564526055	28.19
5	33670576095	30.56
5	48191552568	240.49
5	49289992063	84.18
5	49244183739	81.80
5	49418170822	80.68
5	392146378344	95.58
5	49234203751	93.20
5	49264648904	93.20
5	442005035409	91.26
5	444321449088	113.73
5	49419026698	86.09
5	48516981845	165.68
5	445676757065	108.67
5	49178262948	87.13
5	446035869015	105.91
5	396977047393	113.81
5	393741914918	119.45
5	49423755169	87.59
5	33422943362	30.47
5	446794087171	91.41
5	48323413972	196.90
5	48361964431	216.24
5	442672328841	89.59
5	443674785622	98.64
5	49481706848	87.03
5	394087435808	128.28
5	33338682354	29.82
5	443581973725	120.77
5	48361217759	203.72
5	49295188368	93.73
5	48212772015	225.08
5	48199768607	155.44
5	48173915073	244.56
5	48166406914	171.74
5	48219417551	211.76
5	48462647778	196.22
5	33532929296	31.00
5	33529946422	29.86
5	49388301912	78.72
5	48528402573	201.71
5	48324816734	165.42
5	48411664812	267.58
5	48695279651	198.08
5	48527849096	185.48
5	48310438092	170.52
5	33394621946	33.22
5	49417332767	79.30
5	443609616179	112.58
5	48307023810	205.19
5	49442351190	76.23
5	48682808182	215.68
5	48426391832	222.71
5	49256191933	89.84
5	48479766701	198.52
5	392863893637	101.47
5	48255272476	165.91
5	48643917087	185.31
5	48673446260	212.64
5	49589224172	77.54
5	446568086292	111.99
5	442686791182	134.06
5	49119977763	89.95
5	446122843016	129.11
5	396092678980	115.46
5	48296978782	217.21
5	441515938735	118.13
5	49352809774	85.39
5	444119385962	91.26
5	48468540350	187.31
5	48113985593	227.65
5	49192988923	85.95
5	49425450796	84.64
5	49544517715	86.05
5	48228247456	188.28
5	48183125312	216.59
5	48332243666	172.80
5	49629728013	76.56
5	49589353982	84.85
5	49422790723	88.92
5	33307489913	31.14
5	33484936608	32.75
5	49323059828	79.96
5	48398412538	234.55
5	49618211534	88.27
5	48481675831	179.35
5	48114929723	171.74
5	48155446830	169.68
5	441180139847	92.94
5	48440158788	162.37
5	49658112443	83.45
5	48305292888	197.93
5	441475834828	137.61
5	48459363758	226.05
5	48664733781	226.66
5	33621634298	28.96
5	49264608965	82.89
5	48271125319	200.82
5	446691094912	88.62
5	445080429400	103.35
5	48131565337	168.32
5	48682447899	209.16
5	49168836717	91.35
5	49175212408	89.13
5	442685413762	117.19
5	48341451709	204.58
5	441599656320	94.32
5	48267611133	139.11
5	444022211571	115.22
5	48403695600	164.24
5	48422564657	162.43
5	48499692677	244.82
5	49575840805	76.27
6	392368052081	128.09
6	48192817296	207.68
6	443963722696	105.47
6	441583655846	133.31
6	444444286314	112.54
6	49154124254	78.48
6	48361633895	198.82
6	48659469143	211.39
6	396882339216	114.93
6	396960505121	112.51
6	48535090324	258.53
6	48267225629	223.85
6	48297025309	199.59
6	442474434859	128.46
6	48520198655	189.52
6	48471864343	214.86
6	48154796619	197.01
6	33150519221	26.64
6	48192536119	172.83
6	442564900867	110.92
6	48379623126	214.85
6	48215342196	194.49
6	49694545546	80.30
6	48530526222	220.66
6	48564839715	213.11
6	49685546024	80.37
6	396100255852	90.54
6	396162490342	117.17
6	445259718372	124.71
6	49377757436	85.33
6	48698125608	252.11
6	48423214338	154.77
6	442028786726	123.59
6	395595845319	125.15
6	48694415413	198.99
6	49423610637	88.66
6	446908528857	130.61
6	48418558150	216.37
6	48189814930	206.46
6	48214847211	228.44
6	441594549062	79.07
6	49628877791	81.08
6	49397008156	83.12
6	33420932202	29.98
6	48139969645	244.96
6	48258849170	220.10
6	445609348965	131.28
6	49139857405	82.65
6	391872730095	140.22
6	33382315996	31.41
6	49461776650	89.95
6	393938959223	101.96
6	48461241992	229.47
6	49356198069	85.84
6	444181520630	126.86
6	48293225326	194.25
6	48196081640	180.21
6	48182674835	163.15
6	48659494803	223.82
6	445478089521	127.14
6	441465436334	124.57
6	48257254576	184.00
6	48528346002	193.27
6	33219212809	26.46
6	445464114173	115.92
6	49254811946	79.84
6	441190786124	93.39
6	48642352357	232.82
6	49454603426	77.52
6	49522977986	76.62
6	446343021054	105.68
6	33111418638	29.40
6	48583683787	170.32
6	33603915326	30.43
6	49471152123	82.53
6	48315453729	180.13
6	49690900630	85.20
7	33329179802	32.81
7	444180979249	108.99
7	443421769136	117.66
7	48506025554	161.17
7	49398044917	78.58
7	441314691343	108.48
7	48383536676	200.27
7	443159709244	92.96
7	48407271000	248.27
7	33296345554	28.03
7	48365399716	178.87
7	396504209663	179.40
7	443733821543	104.80
7	48356672800	212.01
7	49665065135	84.82
7	443223986097	123.16
7	49113887696	94.34
7	443574885358	131.95
7	49688648906	90.85
7	49403751077	84.35
7	49317754990	71.01
7	48325555889	188.94
7	444644551719	104.94
7	49463331278	87.26
7	48499041936	227.12
7	33135032301	30.39
7	33368164500	30.64
7	49585950642	91.33
7	392448333582	152.74
7	48675158286	230.30
7	48405192277	169.74
7	391705112294	116.79
7	48144552562	220.51
7	394594027045	135.23
7	33499234611	33.66
7	48266303993	192.71
7	48199564921	232.81
7	391897950003	123.43
7	48395204231	199.76
7	48423794540	182.80
7	48152448120	185.28
7	48676854630	198.39
7	48617215194	228.41
7	394074324045	112.85
7	48267189693	207.46
7	445187200132	128.85
7	444768611078	110.82
7	392347361686	123.44
7	442862606010	128.30
7	442581327584	120.30
7	392873539586	125.48
7	48510644352	188.62
7	49439706819	80.06
7	444995614239	91.36
7	442022735181	84.85
7	442868991196	93.83
7	48473015650	224.09
7	49251682237	88.86
7	48525958394	175.19
7	441488871823	105.28
7	48129110472	223.90
7	48146046248	250.71
7	444013626988	92.79
7	48458253540	165.29
7	446027525220	132.46
7	33693175916	27.25
7	48264277463	212.43
7	445628997650	129.21
7	48159429387	186.61
7	391881513961	109.00
7	48627949171	196.38
7	48218648287	196.07
7	33146893944	30.95
7	33578803462	29.96
7	33506600040	29.30
7	48245115082	207.83
7	442067837014	98.58
7	442279687407	118.36
7	33562940367	27.90
7	49201422559	93.56
7	446794820287	105.95
7	48568131558	240.60
7	48602531768	246.19
7	33425616207	27.83
7	48617933628	223.05
7	33496026939	30.40
7	48264009307	186.67
7	446435334317	95.37
7	49352370458	83.44
7	446497252767	97.47
7	48490279358	218.22
7	444952064726	129.75
7	48124306648	191.11
7	48577414683	224.90
7	33344803655	28.20
7	445934022794	125.10
7	441127389676	101.33
7	49255320869	79.10
7	49450973394	90.46
7	445067204079	109.84
7	48595421753	172.91
7	48129225187	187.03
7	48670518393	198.56
7	48251720513	218.43
7	445263719786	120.18
7	49387476536	86.66
7	33296270204	29.88
7	49618580141	79.55
7	48312312203	183.12
7	444260398522	111.32
7	48172215042	203.94
7	443716506443	89.09
7	395061404941	137.07
7	394569637798	127.50
7	49615797420	89.79
7	48400646527	179.07
7	49485620580	86.02
7	445063165478	86.61
7	48437994524	214.17
7	49208869924	87.45
7	49386180947	93.27
7	33224391812	32.73
7	33487391174	30.11
7	393628455763	161.61
7	33628164042	30.22
7	48225554917	198.43
7	48587042864	205.28
7	49206341511	85.91
7	48198245668	197.25
7	446802450720	98.97
7	48404649208	200.86
7	49310339762	89.17
7	446321629404	112.86
7	33184432800	31.62
7	49431475903	89.39
7	48395324315	192.19
7	48417862322	284.71
7	48508052960	240.01
7	444264276900	117.27
7	49428087972	94.02
7	48302245428	188.62
7	48674252229	171.53
7	48653697981	216.79
7	441238540123	125.95
7	48449892483	290.07
7	443378339267	82.92
7	49676984961	86.69
7	48477002462	217.75
7	49554555981	79.74
7	48562528686	210.03
7	48159622363	237.85
7	396819673153	101.93
7	48196640991	212.46
8	48240452854	211.01
8	48259765605	172.03
8	392279655540	149.43
8	48533473896	181.26
8	48593966472	148.38
8	442152624885	113.16
8	443158453612	99.18
8	33435680721	30.12
8	48372956180	176.19
8	48641656097	213.13
8	392332786586	123.10
8	49318839764	75.77
8	442346802026	73.76
8	445321353906	105.51
8	33334745761	32.34
8	49197010795	84.56
8	48449302559	191.31
8	48179721941	152.20
8	446308861204	109.45
8	443661268071	98.93
8	48525542361	223.09
8	48376257006	181.59
8	48636587277	207.95
8	33424789228	28.77
8	395219803701	118.24
8	48147730295	240.48
8	49387090880	87.75
8	49158515687	80.14
8	48358261146	213.43
8	49298570524	83.78
8	442718953653	109.75
8	48664939484	217.82
8	48588574735	171.13
8	49501457577	87.21
8	396977811443	187.76
8	33464138170	31.03
8	33210565240	32.70
8	48559484989	195.99
8	33149388564	30.26
8	33605370364	29.33
8	48264668157	141.67
8	49523195146	91.78
8	48318435324	215.18
8	49512231180	89.66
8	49529718687	83.54
8	48384328675	130.27
8	48699275193	163.04
8	49177490313	75.84
8	442791632593	96.00
8	49324012365	82.11
8	48379398738	186.86
8	391682358226	143.73
8	48411884283	195.75
8	49332584279	81.60
8	441963912016	118.21
8	442472686794	101.82
8	48533936478	194.41
8	33287282592	30.80
8	48492732858	234.32
8	48175411722	191.19
8	48239096119	190.65
8	48483823599	267.39
8	48201414655	258.18
8	446351405954	121.02
8	48474460493	190.29
8	49466030658	82.29
8	446728401774	125.89
8	33379473260	29.38
8	48344736771	198.58
8	33342496039	30.95
8	48363834557	220.63
8	444230077904	117.89
8	392616149218	142.91
8	49172500602	87.94
8	33294371456	32.22
8	48504796688	186.80
8	33168197459	31.00
8	48676453527	217.59
8	445597404911	109.23
8	445949075285	96.78
8	33262393613	31.62
8	442570637247	77.57
8	48206718425	188.99
8	48322968261	222.30
8	48400357867	206.55
8	48646011405	206.81
8	48683661639	236.79
8	48223678184	233.18
8	48648144680	212.70
8	396198367791	119.32
8	33575028684	32.33
8	395996174766	113.54
8	445582612945	112.44
8	48437485302	189.35
8	48210248938	184.84
8	445272415194	120.55
8	48114067379	210.53
8	49622165945	89.72
8	48439161676	212.58
8	444176485742	105.02
8	446853761299	127.17
8	48169427458	249.23
8	444587319407	96.01
8	444485322142	126.54
8	48154567379	180.73
8	49229192460	79.14
8	48175492800	229.17
8	48593473774	219.25
8	48311429027	197.62
8	48199440978	195.36
8	48559444195	247.27
8	445777388476	113.78
8	49497460308	87.68
8	49534042875	80.11
8	48592087040	183.73
8	48478027986	166.89
8	49250962109	81.88
8	441918417661	130.69
8	49384982786	85.82
8	441882284299	130.30
8	48416918132	198.64
8	443170349235	132.15
8	441294886116	115.67
8	48644902033	168.26
8	396952155531	73.21
8	391981334946	142.58
8	48607565629	239.32
8	49357444026	86.73
8	49664933191	87.89
8	445111727200	85.73
9	48265772857	188.09
9	48695151542	186.72
9	33326026999	30.70
9	33495482509	30.75
9	49499526345	83.50
9	48475712726	166.65
9	33380217514	29.84
9	48318383508	166.03
9	48579549013	247.06
9	48698686350	215.78
9	442462438593	107.52
9	49561399790	87.70
9	48188249385	255.40
9	48360241062	210.74
9	49453937002	79.97
9	49655579979	74.12
9	48250453486	178.20
9	442746042318	91.58
9	48284680119	203.97
9	33273456232	27.31
9	443127357049	118.30
9	48264967876	199.22
9	49373375769	86.68
9	442914581933	128.60
9	48113201870	210.95
9	446508830507	115.73
9	443343414773	105.89
9	48338617641	225.27
9	48306973429	153.50
9	48214337931	150.27
9	48337696748	256.87
9	48439773846	209.55
9	48514668483	253.64
9	48347022840	216.27
9	48600664665	143.82
9	446114069106	126.65
9	445438364146	113.58
9	49462731228	76.54
9	49373239409	82.51
9	33473311691	29.43
9	446627676798	126.33
9	441462068047	118.84
9	49587404199	89.10
9	48148982223	243.87
9	48411755201	198.37
9	396086809291	152.81
9	445694385317	106.88
9	445151468672	107.33
9	48277693359	234.45
9	442989085214	112.40
9	394891767734	131.91
9	48353714845	176.27
9	49259828378	93.46
9	393888516525	93.60
9	446393682090	102.09
9	48436285809	216.59
9	49666032912	88.86
9	442589945974	94.65
9	49565576382	77.65
9	445886932677	134.11
9	33309278622	31.51
9	48269588636	235.14
9	442528238411	110.13
9	48139231672	199.16
9	49186036237	84.91
9	442496191235	107.67
9	33597838161	30.26
9	48696840576	191.66
9	443739657658	114.98
9	48359544628	245.23
9	48648130800	177.41
9	49461884717	95.45
9	48645535093	246.65
9	396142932533	140.84
9	48265686568	186.48
9	444940844722	75.39
9	396357999481	131.37
9	446635657502	122.51
9	49310099061	87.43
9	49423758106	83.06
9	48684519160	186.13
9	48199010518	181.61
9	441596336022	105.75
9	48613322592	229.52
9	48698766393	231.00
9	49317488843	87.91
9	48391371330	183.69
9	33324773799	27.76
9	441423329415	129.76
9	445636671975	100.35
9	49408655875	78.34
9	444391353576	125.68
9	48152160140	147.83
9	48227748290	241.19
9	48627350307	195.78
9	441262849916	83.49
9	33207541749	29.73
9	49358571645	85.51
9	49229266722	83.40
9	48580315809	188.48
9	49435875125	84.15
9	48160800317	168.71
9	49196170397	87.98
9	442556637881	109.60
9	444212142441	100.57
9	49377036658	92.15
9	48410452856	155.87
9	444365264003	115.40
9	394275470204	140.46
9	48624731373	164.50
9	33345760071	30.37
9	48448464497	240.45
9	396954651993	150.57
9	48427968117	214.52
9	33162697444	28.94
9	48254519992	204.68
9	48697803804	179.91
9	49636418289	85.39
9	445736850092	141.27
9	444212245932	108.87
9	48347275502	238.93
9	49367770922	96.68
9	48451507588	226.37
9	48625288488	195.26
9	49418967893	83.94
9	441154212596	106.19
9	48525858531	220.81
9	444893983843	110.20
9	33184376902	31.22
9	48570961456	210.65
9	442984363337	119.96
9	442136259839	119.50
9	48585100167	219.98
9	48361509006	190.54
9	393867113729	115.41
9	393339674961	147.86
9	48601188149	258.70
9	48180283251	261.88
9	48355416818	165.87
9	48669706499	198.48
9	48401706107	168.38
9	49245161349	93.80
9	48665839264	219.67
9	444232568979	111.80
9	441754672751	116.96
9	441417518001	107.68
9	48174328581	248.14
9	33696176041	30.82
9	48557464844	169.95
9	49439125636	82.55
9	48626713233	220.46
9	443832475209	111.77
9	48431566206	212.64
9	48522223136	238.36
9	48565849954	245.19
9	48394546148	204.32
9	441435983928	111.86
10	396491361039	166.62
10	446624605923	124.04
10	48213783870	231.00
10	49258045141	82.14
10	48580754252	166.02
10	49284155356	78.09
10	49414764672	89.56
10	446286466287	105.44
10	48557595257	218.70
10	48527222656	192.04
10	49417845073	87.32
10	48192656511	165.95
10	49616385623	85.40
10	392605578494	147.60
10	48656870952	260.23
10	48581213510	164.57
10	48437401974	204.71
10	446269658036	120.31
10	446666927682	112.26
10	393342484525	142.83
10	444992732042	104.30
10	49206484619	82.78
10	395066071248	140.09
10	48635794187	240.01
10	48284874017	192.57
10	445897979056	102.37
10	48584883334	217.49
10	443509236719	102.76
10	33552223107	30.95
10	49306240862	89.48
10	33291427684	29.32
10	443431099246	99.22
10	48572792048	233.45
10	48231690775	181.39
10	33213826252	30.90
10	48143520583	188.11
10	48366412683	199.54
10	48290156237	208.34
10	48477451174	223.90
10	33553468182	29.53
10	48587462654	226.12
10	33114843268	31.77
10	445128513986	113.02
10	48606905200	167.17
10	441433409780	133.50
10	446930818111	119.44
10	48147643118	190.66
10	48253110760	178.71
10	33648007933	31.65
10	49684152534	93.62
10	48296887822	192.60
10	392833064162	118.61
10	442320586796	105.71
10	442845552979	114.50
10	443891126801	118.77
10	48566406690	208.72
10	48116902969	190.79
10	49657978083	82.38
10	444537267198	78.12
10	49686926940	85.43
10	442988521711	106.11
10	48479050889	259.37
10	394765671512	140.28
10	445095968544	123.67
10	48355707564	193.00
10	443434408431	90.80
10	49317050118	85.30
10	446029803192	76.50
10	391217063718	126.28
10	48156888379	204.13
10	48639761449	231.72
10	48192491706	200.03
10	48618472131	213.74
10	442590282231	111.60
10	48397646958	264.93
10	442111624683	91.10
10	443101068707	122.93
10	48698545574	227.88
10	49191854773	76.38
10	443406979915	115.98
10	445069369136	98.29
10	49244867146	81.24
10	48603444873	241.20
10	33645116959	30.54
10	445633008785	90.25
10	48473649216	193.93
10	48699550014	264.04
10	446213422615	105.04
10	48466826894	148.32
10	49640664863	84.47
10	48378386670	203.76
10	441729506770	105.99
10	49687295545	79.90
10	48143616403	177.74
10	33366070290	28.04
10	442586954449	127.68
10	49253333779	82.17
10	392862238303	149.37
10	48598774050	226.88
10	49443018721	86.48
10	48697788134	229.55
10	33554325777	31.39
10	446240070034	93.79
10	394908179312	154.63
10	49483436386	89.39
10	49646865691	84.13
10	48423084194	195.75
10	394192264421	109.40
10	48661415047	185.86
10	48265383991	223.50
10	392509754484	123.61
10	49517445859	86.21
10	446457593984	109.68
10	48530354180	195.13
10	445471980300	96.46
10	445309700577	110.73
10	48553634682	182.96
10	33134848233	31.56
10	444482083354	120.18
10	444908213452	105.43
10	48547657598	192.85
10	48571892083	201.23
10	48203099968	223.80
10	49116949915	79.77
10	48660811799	208.04
10	49148843884	84.92
10	48308516057	237.29
10	49322662931	79.18
10	393063217587	116.71
10	396025946467	103.81
10	49280773907	89.27
10	441117721798	129.07
10	49250800835	87.48
10	445659246399	136.52
10	394588285075	134.71
10	49308646209	89.56
10	48424820229	211.51
10	446199267417	97.37
10	396133043115	91.84
10	49469093907	86.51
10	49324644590	87.42
10	396256322146	126.15
11	49308788030	83.82
11	49387764130	83.36
11	33542435745	30.76
11	392438288760	167.90
11	48436960271	219.90
11	33498962787	29.39
11	441452311246	111.18
11	395939169150	138.77
11	391809123712	145.33
11	48300647184	191.17
11	33395213116	30.33
11	48532955859	232.17
11	441635325840	95.38
11	48187233582	220.81
11	443208540397	97.75
11	441428223422	100.28
11	445924327684	111.98
11	391531588561	133.41
11	48143416185	200.78
11	48484397592	242.51
11	48494700888	164.31
11	48211844527	235.42
11	48665650325	193.06
11	49559370931	90.83
11	48403610546	203.03
11	48333614721	213.70
11	48303213859	215.39
11	49595714308	81.82
11	48489588603	202.05
11	48553755370	175.90
11	48435080259	178.84
11	441665466435	116.30
11	48584704342	220.25
11	444221850793	92.76
11	49514623309	86.28
11	48158444055	239.85
11	48504519198	156.21
11	48389851328	216.01
11	33665198709	29.48
11	33505644376	28.24
11	48606776215	193.97
11	441608971061	113.35
11	48172770680	190.56
11	444359226475	130.95
11	444097133314	98.18
11	49312310674	88.73
11	444419553120	100.59
11	444495166983	108.77
11	48549986418	215.19
11	48490633944	136.68
11	48146985068	218.78
11	48198872823	213.69
11	48292579941	181.93
11	48248462660	230.71
11	48696526091	253.54
11	48232812018	228.26
11	49172582257	85.80
11	48577204353	163.84
11	49272347877	78.73
11	48285106945	244.83
11	48572512679	203.70
11	33330604735	31.09
11	443766322397	118.00
11	48455377041	196.04
11	48523099232	166.99
11	48576010560	199.27
11	33339036519	29.05
11	48182036848	196.92
11	49287343666	89.87
11	48549385355	227.43
11	444563291539	111.87
11	446437621674	122.08
11	48623629207	242.85
11	48258637325	199.12
11	48263248143	181.13
11	445769633407	106.52
11	392080555140	128.65
11	49672277568	87.54
11	48575587485	203.11
11	48366624870	195.52
11	446308194082	129.96
11	396050340368	127.67
11	396454693984	82.39
11	48532595547	210.56
11	49688761082	86.45
11	49326329795	82.75
11	396204707179	146.48
11	445599367053	86.92
11	48430854028	210.95
11	442651355653	93.83
11	444962913138	112.84
11	445411391133	109.70
11	48238772607	159.75
11	48669180253	201.39
11	48290542514	228.34
11	33545764605	29.73
11	442813397382	100.96
11	48138791607	195.39
11	48174414364	232.35
11	49259895420	77.92
11	48331137562	255.59
11	442969767420	116.64
11	48339076732	187.02
11	396808115738	102.38
11	446406819898	122.83
11	49240643615	81.76
11	441858248541	115.74
11	441420340072	117.41
11	48652457653	205.14
11	445289488493	114.65
11	391901735227	128.39
11	396741859363	112.72
11	49528293563	88.12
11	49527469908	84.57
11	49217424341	86.27
11	442006717511	92.64
11	33691562075	29.28
11	48289577479	220.49
11	48534469578	123.87
11	48495730320	191.85
12	33307864964	30.51
12	48436956224	233.87
12	49605415241	90.66
12	49626275615	92.09
12	444179277987	97.44
12	48339428091	139.90
12	444524595014	140.76
12	48474093786	168.74
12	49533546787	84.71
12	446814731882	109.41
12	48656554801	197.75
12	48469664448	229.39
12	392369792563	132.54
12	48538921139	256.12
12	442975226716	119.08
12	49404386430	90.47
12	445247531772	95.64
12	48315206071	182.25
12	441948025350	133.88
12	48594909481	247.38
12	33617014362	29.21
12	48664049054	226.73
12	445393356590	114.65
12	441347089848	78.33
12	48529060359	195.28
12	33510593624	29.65
12	48167625132	169.32
12	49450435217	90.99
12	48209019100	235.12
12	392582543886	119.52
12	49465730014	86.49
12	48484591457	183.55
12	444530589855	101.92
12	445243930132	120.19
12	48194564143	199.80
12	48180834287	219.68
12	442716955462	88.05
12	48166535245	182.71
12	48295389488	191.23
12	49321819567	83.92
12	49428195112	86.29
12	443654965644	132.99
12	48666491847	198.59
12	33368135141	28.88
12	48483343034	206.89
12	48407662488	184.16
12	48376172726	207.42
12	48407453224	205.28
12	33558216699	29.90
12	442489819431	112.69
12	441620017678	111.75
12	48416343054	207.46
12	393100805129	142.88
12	49237068825	80.98
12	48156555711	166.45
12	48400493588	168.84
12	442155067015	103.93
12	442507364753	88.04
12	442750315674	115.40
12	48362741809	267.80
12	48442590969	191.04
12	48192332987	159.49
12	445251882049	111.92
12	441982398850	91.49
12	443104486477	109.68
12	48173013159	241.64
12	442109600288	114.41
12	48609641268	164.84
12	446811051375	111.17
12	392584497874	116.25
12	49438928572	90.89
12	48437779368	234.60
12	49400527503	81.51
12	48177347943	246.65
12	441901350250	131.11
12	49291484799	78.49
12	442456234551	98.43
12	48238693942	182.06
12	48603579345	174.27
12	442207428899	105.99
12	48284856293	200.94
12	441923363770	101.83
12	443674011879	109.21
12	48601055990	232.58
12	33248156789	28.05
12	48175858872	205.82
12	49445494944	82.78
12	48244970239	178.33
12	48339383534	227.55
12	48688715732	214.53
12	48235064998	242.55
12	33530695235	32.18
12	49453982817	81.25
12	48482017045	186.94
12	443094402285	112.66
12	48470460506	239.40
12	49173577337	71.81
12	394988107478	95.31
12	49342194277	88.88
12	396098917302	177.23
12	48506350291	231.69
12	441576203041	99.10
12	48553072990	242.39
12	446108872042	88.10
13	396349414912	129.38
13	444351676019	99.28
13	444346589991	121.11
13	48567522087	206.40
13	444760630181	103.98
13	441380531245	117.66
13	48531118221	183.65
13	48619043190	241.49
13	48319791633	231.97
13	49284250774	88.65
13	49293353025	77.08
13	395143587470	117.78
13	442323461993	104.99
13	443180754065	110.54
13	33307278740	31.96
13	443596851042	120.71
13	48354410353	200.29
13	48412560530	186.69
13	48699987679	210.95
13	48484109247	256.75
13	49611058350	88.58
13	444158622107	109.04
13	49681587453	94.68
13	446291690795	110.20
13	446547575483	118.35
13	48503160981	203.03
13	48423748310	171.30
13	393426504682	154.23
13	441265124020	79.92
13	48676104147	185.15
13	49605517197	82.30
13	48374747940	240.64
13	443148987245	125.22
13	33450317738	28.52
13	392500755051	116.96
13	48330966733	238.83
13	443374043870	131.46
13	441304473294	106.83
13	49580347757	80.76
13	441598777470	98.97
13	48479422789	168.09
13	444014799573	98.48
13	48202748000	184.75
13	48621966796	251.52
13	444399935966	103.90
13	48246416929	189.56
13	33384244145	29.46
13	48505972774	219.22
13	442978863275	90.42
13	48435779087	186.36
13	48344672855	205.74
13	441959194128	82.20
13	48144483307	186.19
13	446929704040	105.47
13	48599815648	235.70
13	48395986882	206.65
13	48351969347	170.15
13	49175262751	80.47
13	48149364427	206.91
13	441619530363	130.41
13	393514766447	92.77
13	446903101766	116.64
13	48314526814	198.26
13	48603232845	163.50
13	443534183180	116.45
13	48351787644	219.87
13	48577743498	197.60
13	49167778026	89.93
13	48595183549	235.71
13	48238470966	188.57
13	48468361358	196.26
13	48138632038	175.56
13	48275524786	218.86
13	48568973177	248.08
13	48594540036	189.03
13	49382533179	79.57
13	446660155497	128.82
13	391606377739	122.36
13	48490363809	245.36
13	48198894159	215.49
13	48537136756	248.07
13	48201125733	247.47
13	49195096297	89.49
13	48111785910	239.91
13	49494831022	85.78
13	48517386670	188.37
13	446707680478	125.70
13	393424509966	88.88
13	392995701652	111.55
13	48666008413	180.46
13	392377641194	114.75
13	445039020689	117.93
13	444426370569	132.66
13	441694117385	94.82
13	33143731080	30.85
13	48582313069	181.31
13	393097356797	95.14
13	446299918183	85.20
13	393432863042	105.50
13	33489663386	28.66
13	445542969231	91.36
13	49658793169	95.08
13	49504618914	73.92
13	48547653590	126.24
13	33225943678	28.24
13	33250335153	30.54
13	48575565159	193.19
13	48685654859	161.90
13	48416854649	149.25
13	48199951540	171.76
13	48431279336	201.10
13	446313545553	104.97
13	33151712006	30.65
13	443794377288	130.75
13	445979225685	103.81
13	48533209747	160.48
13	443576135873	98.06
13	48464738549	157.05
13	391107626817	109.13
13	49443955675	88.27
13	48420728572	262.81
13	49379574368	85.32
13	444198619137	115.66
13	442431610506	95.40
13	48541793234	216.49
13	442827325609	95.24
13	442841133682	112.79
13	49528773495	75.16
13	442676771546	113.61
13	48304835033	242.92
13	49320238183	93.87
13	48530426406	209.44
13	48549752944	211.57
13	33142988986	28.78
13	442088015808	114.09
13	49496621180	88.13
13	49200359696	80.52
13	48571583071	190.38
13	395521211478	120.29
13	48118564956	213.15
13	48341907999	212.76
13	48664819717	223.72
13	394883773823	184.14
13	445360788658	116.22
13	49365019030	83.31
13	444171450758	102.31
13	441891852595	106.11
13	391230382080	140.91
13	443000995933	118.22
13	446036556758	100.68
13	48509013275	211.65
13	443780105012	109.75
13	49617175274	88.85
13	443046889695	98.94
13	48421698836	173.43
13	48121981324	238.43
13	442445640832	102.76
13	33401368982	29.68
13	443052778209	89.35
13	48293612956	196.70
13	443901691000	99.78
13	48244004479	198.59
13	48454095506	199.83
13	48348049305	250.69
13	48169650061	194.16
13	48420698816	209.80
13	49438370404	80.38
13	49213880801	92.38
13	48161532302	175.35
13	445765753268	120.89
13	444679970144	130.78
13	33491804072	29.62
13	48390063394	180.59
13	33450578821	32.00
13	393707501782	148.49
13	48591586623	195.96
13	49481584350	85.80
13	48375229124	218.10
13	33501576264	30.99
13	445204835917	121.61
13	441374250234	119.56
13	48411182128	208.76
13	49424051854	81.65
13	445815898372	109.88
13	48442833023	226.61
13	33557308919	31.27
13	48355742553	198.49
13	396084929132	122.21
13	49224407644	78.75
13	48396130373	178.27
13	33128760512	28.28
13	48149329537	203.11
13	48161991223	166.19
13	49555022780	84.53
14	49110450849	82.35
14	48443764611	235.84
14	33170406374	28.71
14	443150703410	95.75
14	48633980248	172.97
14	48403916628	164.83
14	48650872515	180.07
14	48528035054	171.57
14	48591554627	149.27
14	445615105021	95.34
14	49215543496	85.10
14	48363303033	227.41
14	446336319381	115.15
14	441189025977	129.81
14	49616240953	78.37
14	48634684561	192.92
14	48241645787	223.15
14	49266793894	88.70
14	48343868098	268.49
14	48551511119	247.76
14	48590975565	212.75
14	48336687284	211.60
14	443291366390	118.12
14	443284337787	142.58
14	48618764817	141.79
14	394303434249	101.93
14	49426580295	85.52
14	444735681068	115.78
14	48626133128	204.24
14	446749413245	69.00
14	443158890139	90.59
14	48342919055	192.55
14	444695783731	104.68
14	393059472387	129.92
14	49405986021	86.58
14	395613530483	81.57
14	48119779522	220.62
14	49602594751	82.79
14	445290081388	115.86
14	393746575302	102.32
14	33174847132	30.28
14	48525992342	187.72
14	442038070006	101.60
14	49427794279	82.61
14	48514149932	168.38
14	48619008057	199.80
14	48537791436	191.87
14	445952439237	114.38
14	49574408112	80.50
14	48549133595	196.77
14	49198148190	91.39
14	48639541607	206.74
14	48613699687	222.24
14	48466904385	200.18
14	443536996791	106.13
14	441142217916	115.81
14	48214672233	197.46
14	49244127421	85.39
14	441153204923	122.73
14	49135593943	77.34
14	49157545280	81.13
14	48344654536	218.49
14	48623392651	237.91
14	49260119938	80.85
14	48556252565	199.68
14	49666683886	79.06
14	49600191500	89.14
14	49542608038	85.97
14	48664409983	163.54
14	442798057711	120.32
14	391300387502	160.31
14	443510490336	107.68
14	395023319201	152.16
14	48258893291	172.67
14	33661210868	31.91
15	48539949312	195.54
15	396885752115	84.50
15	48224200024	173.21
15	444608468248	112.74
15	444274719847	114.11
15	48174948800	225.76
15	48190271950	195.69
15	48643869169	181.47
15	48524287990	203.62
15	48155963455	230.51
15	445277177427	103.28
15	444200704436	95.09
15	33356312887	29.28
15	48195956329	225.14
15	443974763489	116.65
15	446533602932	138.22
15	48225034463	197.58
15	446536960306	92.63
15	48223247691	253.72
15	48499287134	211.51
15	33173151511	28.51
15	446979012574	98.93
15	48376453914	234.97
15	444255753117	116.83
15	48507899371	251.44
15	48573672348	210.06
15	49553010554	81.76
15	445194344640	91.79
15	48660522579	266.72
15	49608168807	80.60
15	446767529531	98.42
15	48222411693	209.19
15	49679873399	76.66
15	48567314827	201.67
15	48607903160	241.18
15	48641802701	184.20
15	49415280204	85.60
15	446886473538	94.72
15	49385075131	78.10
15	48694408086	178.01
15	49635212345	84.76
15	48504620001	218.91
15	48618996982	262.79
15	48435996407	171.45
15	33571401805	28.06
15	48428424647	186.27
15	33355306022	28.45
15	445838446503	92.06
15	48208488852	161.47
15	49410115848	81.83
15	445099123479	123.40
15	445752771933	106.33
15	48166911566	193.14
15	48594708350	156.80
15	442153556625	95.67
15	49398607092	77.78
15	48155546905	126.96
15	48454278201	222.06
15	442513296228	77.33
15	33597725583	29.17
15	49419195663	83.26
15	446821915964	86.71
15	394086319577	148.58
15	49247370947	83.09
15	446048463596	133.47
15	48690376614	198.15
15	446680442948	109.76
15	48680699086	199.27
15	48571612841	230.77
15	48379189753	237.06
15	49491364021	97.74
15	49603104150	86.85
15	48553935555	259.66
15	48663589624	225.44
15	49673804595	80.11
15	49145930331	78.80
15	49468191220	78.14
15	33505914347	31.75
15	444207985776	110.90
15	444596592060	130.14
15	443878995927	136.26
15	446493184921	99.76
15	49258256804	85.42
15	442883377605	124.90
15	49380222399	88.73
15	392557772291	123.96
15	48689376088	223.45
15	48127094617	254.16
15	48291260085	299.52
15	441344623310	132.53
15	442001334977	104.10
15	48163353639	190.38
15	48411714502	185.53
15	48308022836	144.96
15	445625563571	120.49
15	48606877849	199.48
15	395896012639	100.52
15	49350735175	88.75
15	48313746616	227.54
15	48412325585	246.51
15	33533250366	30.27
15	33573516980	28.43
15	48690145434	176.50
15	48154170620	232.76
15	49611498109	84.64
15	445862959128	113.05
15	394883072142	114.78
15	392367820627	134.30
15	49248208157	86.43
15	33271804067	28.06
15	444750841066	115.27
15	48443892287	142.54
15	443480117386	99.64
15	442354803031	98.34
15	49303167532	86.57
15	48419312043	150.58
15	48195297913	211.63
15	48591265419	185.62
15	48270566605	220.43
15	49592158274	84.90
15	441294929588	104.73
15	443581986152	118.24
15	48550320809	189.09
15	442822743015	120.80
15	48242585428	217.06
15	33203442209	28.34
15	48281749947	201.48
15	392944354953	114.16
15	443757899724	100.67
15	49437383742	81.85
15	445808435927	104.12
15	395079682497	105.09
15	49350888854	91.44
15	48649089983	244.80
15	441204095309	100.57
15	445751245881	103.66
15	443473822836	128.78
15	49675337693	84.79
15	48486928364	215.41
15	443642984468	114.90
15	49555353594	76.94
15	48444459721	233.30
15	48504665834	252.28
15	48598858046	194.77
15	446161629568	113.73
15	48425866016	170.77
15	442732849222	90.26
15	48576970407	180.77
15	48612996107	207.04
15	48320147282	271.09
16	446520393606	124.43
16	48215308524	175.15
16	49418187483	75.86
16	49555872663	85.12
16	442172680491	114.53
16	49405303382	84.44
16	48538915770	226.27
16	48203186354	220.23
16	33297156359	27.67
16	48421171534	195.79
16	33190633641	36.03
16	49519741268	92.45
16	49238505492	85.69
16	48431332463	221.82
16	444916853725	112.47
16	48591693814	246.08
16	393282551146	108.04
16	49358293192	94.94
16	48174860814	197.47
16	48245781888	190.46
16	48433977498	224.33
16	396598541541	105.47
16	48298638544	176.84
16	394810379995	120.96
16	49542358976	86.83
16	391151941923	122.18
16	395873145394	158.85
16	33509805365	28.50
16	441352985442	104.07
16	49694977614	80.90
16	441914243166	104.90
16	48229612176	207.41
16	49473628646	88.85
16	48407980627	204.23
16	446772144663	101.85
16	48269803423	216.77
16	444012554685	103.40
16	48624546546	210.05
16	33570050371	30.43
16	49676928815	89.81
16	48230663805	232.79
16	48586459348	214.87
16	48471793079	169.90
16	49238106599	87.59
16	48381391867	217.00
16	443039000300	108.98
16	392492421561	159.71
16	445005310690	116.96
16	49119503675	84.03
16	48654366879	179.65
16	48686110104	103.29
16	442718268319	122.14
16	48171408072	263.82
17	393510663914	114.50
17	48482871454	217.58
17	48286759878	165.28
17	444829741022	115.75
17	441532216474	113.06
17	33201151915	28.83
17	48290658593	252.79
17	441977547804	87.01
17	48611581529	220.88
17	48318342753	239.52
17	48305304734	224.07
17	49263777679	88.44
17	446186021895	93.09
17	33584974785	30.27
17	396045280967	107.05
17	49684698902	71.26
17	48608228037	194.99
17	446435040114	121.49
17	442334973787	113.37
17	48644851404	218.60
17	48580014395	216.57
17	48680756278	197.70
17	48250944530	218.55
17	442560051843	131.53
17	396800053722	117.82
17	49565961786	92.81
17	49652122101	77.63
17	48521525143	163.85
17	48385834457	239.44
17	48672203453	206.17
17	441332397340	77.63
17	443281136638	96.13
17	445733725621	113.66
17	48586759586	160.66
17	48473352262	201.50
17	442565363483	120.39
17	48419917097	212.90
17	48530096943	185.19
17	48360279015	271.37
17	48414775234	232.22
17	441603418883	124.14
17	49492086686	80.08
17	443418033992	85.09
17	48298120656	179.13
17	49279678962	82.45
17	49640508748	85.00
17	441494867928	117.64
17	48231753915	242.73
17	444538322958	114.56
17	441961676312	100.14
17	48687018801	234.33
17	443784075840	120.58
17	48136693428	203.16
17	49378762356	84.34
17	48276669214	237.60
17	48482862545	205.75
17	445448129722	106.27
17	49564896654	83.43
17	48115646040	233.97
17	48192283745	219.66
17	444935676420	113.34
17	393709776592	106.15
17	48571339680	210.34
17	445380113263	108.88
17	48676305148	166.34
17	48117482647	183.34
17	33328018948	28.30
17	48530404300	196.11
17	444893251080	100.82
17	392396285150	140.95
17	33599971413	26.46
17	48120608581	279.44
17	49179578383	83.17
17	391873684765	145.94
17	48531404967	233.31
17	48306694517	211.18
17	49420429208	92.62
17	48318964239	204.75
17	446382916795	108.30
17	49232263833	87.88
17	441823373701	95.42
17	445751623184	110.41
17	48256465001	224.88
17	48385753380	182.22
17	49686240913	84.67
17	443997735728	92.09
17	444934625745	102.36
17	49118784626	88.75
17	395767090316	110.30
17	48255564842	256.23
17	48646704507	284.43
17	445409729515	100.17
17	48259870047	266.25
17	48462147022	227.08
17	445876190180	125.44
17	48477453893	251.10
17	446553765038	131.62
17	444042745997	92.83
17	441612881000	112.56
17	48332529063	147.86
17	48266958262	182.05
17	49178453755	89.49
17	49664425990	85.00
17	48404955517	229.46
17	48148355543	198.85
17	48136549995	253.39
17	391124051140	139.15
17	446491237178	128.28
17	441314679977	129.88
17	396391276224	159.23
17	49325953034	82.52
17	49428473005	83.25
17	48313553389	212.24
17	441967585022	80.58
17	396401141893	100.97
18	49431431082	85.63
18	49130507151	89.85
18	442349989691	97.24
18	33148921834	28.26
18	48528511461	217.49
18	48318230162	202.19
18	48521996394	193.88
18	443610453175	130.08
18	49225970089	93.91
18	442457388424	99.72
18	48346706562	197.85
18	48340519761	264.50
18	392549221177	119.22
18	48624032981	237.29
18	48304788058	202.53
18	48516512885	202.46
18	49670452511	88.57
18	443248115028	97.92
18	48409095633	212.03
18	49207287541	94.90
18	446031510655	122.83
18	48186543782	194.31
18	48455675010	223.58
18	446229979337	112.78
18	48447068271	253.05
18	49589477848	83.51
18	445377078598	111.14
18	49153717300	82.27
18	49645538745	79.32
18	33352379327	29.29
18	49646545660	84.44
18	48496054580	173.31
18	445285441952	118.07
18	48239206806	213.92
18	49578944766	90.98
18	49271619903	86.81
18	443716821281	113.95
18	49280848684	87.42
18	443632351350	140.43
18	394372711324	117.37
18	442125678203	114.15
18	443058156580	102.50
18	395152173040	162.60
18	49289714489	87.24
18	48210535772	170.77
18	48155892585	184.57
18	48449931893	180.99
18	392356487224	117.74
18	443282451954	115.14
18	48587288624	234.46
18	48279279825	187.03
18	48463196695	188.78
18	48676576031	206.36
18	33343422873	29.30
18	49419612468	92.99
18	48130843775	230.14
18	445104318727	115.27
18	48122149368	215.89
18	445582148739	125.48
18	441329085562	127.69
18	49216663448	91.99
18	48254156688	175.22
18	48533563316	177.22
18	48197575028	220.65
18	48425976987	185.65
18	48228616992	235.56
18	49545523384	83.45
18	48110793500	211.23
18	445836484353	110.52
18	33343419277	30.93
18	396749832405	145.13
18	396731127133	174.54
18	48281531639	253.01
18	48432246392	192.53
18	445067506672	120.01
18	48238611410	216.03
18	33493987983	31.35
18	33653528747	30.40
18	49232243881	98.40
18	391406652929	120.21
18	442079279978	116.44
18	48468433961	252.39
18	441445500023	144.31
18	446382641366	107.14
18	48360274302	169.43
18	442571254797	111.82
18	48569828780	165.90
18	48185020723	227.30
18	446808346042	156.27
18	48284362638	270.35
18	441452131693	103.34
18	49474911905	83.07
18	33282981541	27.51
18	48609438046	234.71
18	48594689592	176.59
18	49633374588	85.25
18	49487488480	77.44
18	49256849432	83.06
18	441651129438	109.48
18	48610333127	205.63
18	396166581421	109.05
18	48555504613	192.21
18	48287100409	184.57
18	443575758257	120.55
18	33118345710	31.84
18	445560929020	88.58
18	49230517001	82.22
18	33464066985	30.79
18	48380642071	212.89
18	444404845595	114.47
18	49277308251	92.26
18	48158808973	210.22
18	394409061076	115.50
18	441345429967	112.83
18	445624052245	106.44
18	441358773063	118.19
18	48327661411	204.10
18	49396202989	86.43
18	48595252368	187.38
18	49656535065	93.52
18	48695207511	219.27
18	33283173428	29.93
18	33522080591	28.59
18	48150795556	206.60
18	48253266857	199.34
18	48386150294	147.23
18	446961247870	111.27
18	49229720107	77.49
18	444402458886	113.60
18	49217186249	89.98
18	49160209266	79.73
18	394602970346	116.07
18	49598845355	83.68
18	441783986095	79.71
18	391273912320	138.76
18	446885423526	92.66
18	48491825486	183.36
18	48206205719	193.24
18	444922543604	91.77
18	442272053317	111.36
18	33672946330	29.37
18	33525163853	30.28
18	48519306969	256.88
18	48490335863	214.04
18	441384224689	120.86
18	446500506501	101.13
18	48204954978	210.53
18	446153445852	104.33
18	48420120720	223.16
18	444767019843	144.58
18	442685557816	115.79
18	49299211466	87.48
18	445893409627	90.32
18	48201677741	185.56
18	446417682838	95.42
18	48687524723	140.84
18	48566261360	201.14
18	444105438374	106.84
18	48478275759	195.89
18	49643326416	84.09
18	48241270338	191.65
18	446606885861	105.96
18	49600308645	79.11
18	48365377856	182.44
18	444700131673	80.25
18	395491785035	149.47
18	441164054379	104.01
18	49396692147	81.72
18	48417445937	263.44
18	48588213840	199.86
18	48198865195	190.64
18	48135134657	210.40
19	48340484832	184.87
19	48505361454	202.28
19	442518177492	109.57
19	49262596220	80.19
19	444285745414	115.39
19	441880522558	99.76
19	33250146626	33.39
19	33608056424	30.51
19	443942007020	129.35
19	392885230444	109.23
19	48273263072	156.10
19	48469936964	218.69
19	394890083942	67.50
19	48581972797	207.50
19	33697682670	30.84
19	49437117957	87.46
19	33247972286	31.70
19	48499947388	231.67
19	49555725303	79.11
19	442806048514	88.14
19	49320165516	84.77
19	396572597039	133.22
19	49310570020	85.74
19	49164683956	87.69
19	446118431252	130.19
19	48533339768	195.18
19	48365045019	211.38
19	48266054219	180.25
19	48310652304	212.22
19	446138849484	111.32
19	442309742422	113.86
19	445784976741	79.98
19	48191037039	225.00
19	49363453718	82.65
19	49421203015	76.80
19	48417070339	161.52
19	49461348741	91.32
19	48204450810	176.90
19	442720248874	103.83
19	33552981192	29.46
19	49566863713	84.88
19	443901269617	141.60
19	33250006146	30.38
19	48632376509	165.79
19	48343899206	225.78
19	48148922815	232.86
19	442904792065	96.91
19	33624256016	32.89
19	48695328300	220.24
19	48557710597	192.64
19	49443218115	85.20
19	48387436636	243.28
19	49180026140	82.58
19	443669264152	88.39
19	48658319251	208.28
19	48143700551	183.15
19	33364218327	27.67
19	442353854952	111.02
19	48256641804	206.49
19	48294031257	155.52
19	48121796926	135.74
19	48318561073	224.49
19	441542699396	111.31
19	395453396384	134.41
19	445982827554	101.98
19	33512752809	30.68
19	49395571457	77.67
19	48229988207	212.49
19	442539874836	106.19
19	48689569483	216.30
19	33623632424	30.15
19	48402035071	212.18
19	441502927131	90.50
19	48511149478	182.01
19	392427280367	153.76
19	48444800532	173.16
19	48126650235	167.45
19	33231647292	32.15
19	33259649935	29.02
19	48480678314	238.60
19	48462798727	168.32
19	444722468531	81.68
19	49382369879	84.27
19	33456976561	30.33
19	48257202366	170.08
19	48428060459	179.93
19	48671774715	154.36
19	48511162964	199.99
19	441373871502	98.69
19	48613897293	202.92
19	443455718344	103.86
19	49514492541	77.70
19	49366691016	78.37
19	49655927365	85.21
19	49193055099	77.60
19	48653255510	224.17
19	49381019773	81.80
19	444946686934	89.02
19	33637185586	30.33
19	48204017842	176.88
19	48624985823	192.82
19	48598591545	185.02
19	49489779479	87.47
19	48622349547	190.68
19	444301341174	91.83
19	442788398745	110.63
19	442540924579	111.32
19	446567963788	134.17
19	48214994227	178.87
19	33642201699	32.39
19	48350081042	221.92
19	444951415894	98.73
19	445826481366	90.60
19	394135569314	122.97
19	48652954120	247.48
19	49286293688	79.22
19	48538858342	154.94
19	48415538755	222.10
19	49241203231	87.44
19	49656751211	87.99
19	48137936602	219.85
19	48166820903	176.21
19	33173617895	31.18
19	444894814613	122.93
19	445552863188	131.26
19	445961792947	119.11
19	33380498458	31.80
19	442283455644	111.43
19	443770469226	112.13
19	48115937209	149.50
19	394718212361	99.29
19	446642265986	95.93
19	48566739376	233.43
19	48581483413	169.92
19	444412781294	100.02
19	48439376422	227.41
19	33513416936	29.12
19	48670600184	228.12
19	48437102395	223.83
19	48549042128	219.50
19	48152408965	248.14
19	49297962770	87.55
19	49303029921	82.74
19	49420986352	88.68
19	443884520155	125.52
19	48453054882	229.40
19	391410426293	115.97
19	48258564356	197.43
20	49364566440	82.72
20	443007399528	82.01
20	395895763529	105.60
20	48287833770	221.75
20	48544992823	182.22
20	48313324643	168.42
20	391716530649	99.79
20	49474653163	88.15
20	33652925761	30.14
20	443196719540	104.18
20	442083892381	107.13
20	48577578945	209.83
20	48658244962	236.90
20	441333539479	94.09
20	395777203235	136.33
20	444352387855	105.85
20	48195437793	199.49
20	48383765669	169.35
20	48117685282	242.76
20	48624347108	182.02
20	48634742711	245.44
20	49587000702	90.29
20	48301432388	264.41
20	49168569532	81.49
20	442130681180	108.73
20	48178007708	200.13
20	395314282982	150.86
20	48518922167	168.13
20	48456860495	167.81
20	446767828179	125.54
20	445369571463	134.29
20	48394364344	236.87
20	48446388089	199.54
20	48242126207	217.50
20	49660621555	81.23
20	48119839225	208.31
20	48330226544	229.30
20	442898353540	109.41
20	33114819882	30.63
20	48279833056	212.48
20	49540504264	78.85
20	49114137884	90.58
20	49171751743	78.95
20	393032122798	122.85
20	48402481907	228.40
20	48537994753	218.17
20	48365783708	209.33
20	48463282127	167.88
20	445894984940	103.85
20	48393160589	208.52
20	48458116730	192.73
20	49170210746	80.23
20	48203645602	182.76
20	49290888778	78.64
20	48645548620	187.89
20	48235069412	243.59
20	33206582016	31.74
20	48281635844	209.11
20	49659299083	85.55
20	33325952235	28.65
20	48151065442	137.96
20	442613320787	140.08
20	396221470472	114.99
20	33475043122	31.39
20	48477362590	196.33
20	49436588753	86.27
20	48457180929	174.52
20	49115682016	75.32
20	33214812553	29.30
20	48649662387	179.14
20	48198244350	236.63
20	48567065366	197.67
20	446507989115	108.79
20	48482303046	266.08
20	445220099964	118.45
20	48476273325	211.41
20	48429317343	210.51
20	48590469543	206.30
20	49168992622	83.81
20	49150625322	83.90
20	49263194341	80.01
20	49516089738	90.14
20	446307605745	129.72
20	48662946651	200.18
20	48183372373	235.76
20	49325606133	92.67
20	48271847955	189.66
20	446514711617	102.95
20	442250550287	119.52
20	49224796814	83.84
20	33382742763	28.14
20	442552674708	115.40
20	443560613579	106.48
20	48691230030	205.69
20	446095947523	97.65
20	48228065684	215.58
20	445321581874	101.91
20	49221038567	90.46
21	49445103679	91.62
21	48657424156	227.78
21	48604935310	200.67
21	33639809844	30.21
21	48456480575	194.35
21	48466364967	211.73
21	48322184716	224.02
21	49187554931	87.71
21	48406549924	208.57
21	48410508190	245.86
21	445038930605	104.33
21	48629376010	249.34
21	48675617568	228.31
21	48593153500	228.20
21	443249160175	112.65
21	48364618839	209.47
21	49633328493	80.19
21	443239523834	109.42
21	33364184918	27.56
21	443696805878	112.51
21	443372183579	120.67
21	446910769289	87.92
21	441790621699	120.36
21	48332016847	129.32
21	443371963768	105.36
21	48335730836	212.06
21	48433158779	234.85
21	49122526646	83.29
21	445040976526	93.24
21	48396940726	208.57
21	48382569935	214.99
21	49633224882	88.83
21	443945262965	121.00
21	49207576362	83.53
21	48211106777	198.97
21	445265437750	83.09
21	443671302516	136.15
21	49229322233	71.85
21	48626614962	178.53
21	48294291459	234.42
21	48325525227	165.94
21	48612395346	206.72
21	33192897354	30.11
21	49129123274	85.59
21	48124009269	166.28
21	442728821042	114.85
21	394601561596	148.46
21	49698113700	84.50
21	441114291381	126.76
21	49521588043	92.14
21	49157988489	80.64
21	396449761340	117.23
21	49199907650	85.66
21	48634088174	139.95
21	48369243203	177.90
21	48371221749	224.76
21	48374297593	197.17
21	395983135980	162.09
21	49268264137	89.44
21	444483066468	121.86
21	48450468938	232.79
21	48292083163	227.28
21	48244914608	222.83
21	48359450731	209.19
21	49507415452	91.59
21	48459064599	82.47
21	49504302560	91.32
21	441322241339	139.11
21	48347337268	258.94
21	48615118431	127.13
21	393235450366	125.73
21	48479109174	196.24
21	442802192619	114.17
21	49506383052	84.45
21	444897298080	100.67
21	48649976292	195.64
21	445059458841	130.65
21	48347948835	177.58
21	48186910863	164.67
21	48252223398	255.20
21	48627611788	190.87
21	48149083161	249.88
21	48655520727	176.47
21	49122093603	87.38
21	48147311127	215.72
21	48507025365	207.09
21	48227467914	185.39
21	48692477209	234.08
21	49387299277	79.04
21	48422199615	206.14
21	48566739571	197.30
21	48301376246	167.28
21	444855725146	117.63
21	444261776245	135.23
21	48621944650	217.12
21	49278991310	83.13
21	48419331321	189.04
21	33367358992	28.33
21	442138307544	119.99
21	48258496583	232.27
21	49225780864	86.25
21	48598542887	160.09
21	48689691465	178.19
21	445744117066	133.96
21	443480149549	95.00
21	49615514823	87.49
21	33506993886	26.46
21	49432208650	87.53
21	48206288668	115.65
21	49299427635	84.33
21	444544929141	87.17
21	444096487480	103.74
21	49650421629	85.07
21	48652446858	211.84
21	48614914412	161.10
21	445582815662	123.78
21	49310717331	89.21
21	48440612616	234.53
21	396049493740	102.81
21	441898411865	108.63
21	33254579414	32.07
21	395878096385	125.81
21	48681315914	249.02
21	48465889016	174.24
21	49600020275	80.77
21	442082903877	94.47
21	33173081330	27.80
21	442564063745	105.97
21	48475399184	170.97
21	48550865907	237.96
21	48515877312	151.34
21	443307396822	113.16
21	444995165237	102.67
21	48351139377	234.91
21	48216879847	207.73
21	48578984266	269.60
21	442097131654	118.67
21	49696763151	83.79
21	48169305138	272.26
21	48210487217	182.17
21	48137903463	178.48
21	48349328902	240.29
21	48507741884	228.70
21	48570735337	212.93
21	49416051053	87.66
21	48502227027	216.86
21	48448328671	208.56
21	48332640930	194.01
22	442466302844	103.88
22	48612850785	161.50
22	48229612018	194.46
22	395510652508	108.67
22	48215468977	241.08
22	48327698924	204.99
22	48195103309	207.86
22	33445221641	29.89
22	48240332943	188.51
22	33136089817	29.65
22	445705246817	77.46
22	48304875591	278.84
22	48240755146	228.31
22	48136877538	231.67
22	443635901512	109.22
22	49336961478	86.71
22	48327503164	185.37
22	442485722893	98.07
22	33317353633	26.44
22	48166886543	217.00
22	445153951820	127.60
22	48589363956	272.94
22	441583259868	111.71
22	48515249885	273.96
22	33320432874	28.89
22	48159979483	157.41
22	48214016504	248.08
22	445208330049	90.64
22	445143119524	123.18
22	48426750715	200.22
22	48236473966	210.14
22	49120825536	94.26
22	446460060964	129.19
22	49436463785	80.24
22	48537154750	237.94
22	48615017175	215.16
22	48164568575	216.90
22	48675471325	205.25
22	445580309719	129.87
22	48399706217	250.42
22	443789689828	85.83
22	33518744205	29.93
22	48327897627	217.08
22	443072244763	111.47
22	48440819503	223.52
22	48454884022	188.49
22	444862684982	117.91
22	395800513127	93.34
22	443422649173	109.55
22	395484015139	48.15
22	395476625233	109.63
22	33688897444	26.81
22	48646706844	235.01
22	48619300732	216.89
22	48416149162	199.11
22	442481637870	83.79
22	48156615901	200.93
22	48600039959	253.02
22	48439140697	176.17
22	48331988379	255.92
22	445290619315	115.58
22	48638006763	231.26
22	444510693181	108.38
22	48618706819	161.56
22	49185251008	85.81
22	49329445544	80.84
22	49682187196	75.90
22	443048524709	98.92
22	33518142339	28.49
22	48127948846	230.92
22	48341684805	184.09
22	441262386042	112.73
22	391190127174	129.36
22	444977111767	104.24
22	48595356968	225.53
22	393080483602	131.98
22	33120101643	29.26
22	33402609872	29.18
22	49313306262	92.02
22	446632330055	88.28
22	49286455133	82.47
22	49277589094	81.03
22	393714173756	123.70
22	48205083384	218.06
22	442636802548	112.99
22	48130641068	195.78
22	446756241002	110.11
22	49185671759	89.67
22	48652341738	164.29
22	446095553021	108.56
22	444184965210	124.46
22	48123311745	215.07
22	442840910870	142.05
22	446823046278	106.72
22	49389138040	87.83
22	48546698363	231.20
22	48619695476	230.97
22	48333587783	261.23
22	49547880231	75.08
22	48666756719	241.31
22	444264295980	79.92
22	48565333037	160.97
22	445464311360	124.00
22	48661337451	214.94
22	48279447467	99.11
22	48212988368	173.28
22	49451169033	80.96
22	48465212910	206.59
22	395917106614	106.69
22	48468612973	238.64
22	443104884771	116.17
22	444370132275	113.51
22	49681483746	79.80
22	391636497252	167.27
23	445474012940	123.38
23	48671518071	203.29
23	444726314201	115.93
23	48527914988	254.77
23	441477022857	131.49
23	33334844371	31.05
23	49281680513	94.32
23	442293420739	100.05
23	49649199928	79.41
23	49344562144	87.54
23	33450145940	28.96
23	442706028395	104.56
23	441390097749	100.09
23	48344680014	171.72
23	48409881221	240.81
23	48209933156	189.27
23	33156659283	33.30
23	48564101612	140.16
23	441875148427	91.57
23	446623039258	108.50
23	49651575505	75.87
23	443886532923	119.78
23	49260486665	80.71
23	48529624416	161.30
23	48354080354	201.01
23	444358446730	98.97
23	48671199784	253.97
23	49383818060	87.15
23	446606734347	102.36
23	441669941864	100.47
23	445595377274	115.54
23	48359343523	200.98
23	49546857574	90.59
23	442788710897	126.24
23	445287733683	134.94
23	446354389681	108.96
23	48278377256	211.37
23	446738992175	108.48
23	48518919421	217.65
23	395782065517	148.99
23	48690995903	208.33
23	444173280327	100.08
23	446213670997	98.16
23	48481904451	197.57
23	49236311908	84.04
23	443616579727	140.02
23	394292584167	129.16
23	444242920932	128.63
23	48203819830	211.11
23	48404123606	244.58
23	446586053117	126.37
23	48272619921	180.14
23	48413572846	193.43
23	49584950068	90.10
23	444790381886	100.14
23	393951757163	115.14
23	48254498017	188.69
23	48558866127	244.74
23	48433334770	204.74
23	48661624349	195.71
23	48405217294	199.57
23	444168205074	99.02
23	395508847830	115.17
23	446302518514	112.14
23	393715805256	149.77
23	443625921318	112.45
23	49233892927	88.02
23	396246719669	90.39
23	441607975960	108.86
23	48367378718	205.46
23	445004817771	79.04
23	48130473034	182.25
23	48394579505	191.25
23	49416338814	88.97
23	48536317599	223.30
23	48581748250	241.18
23	49377605982	80.33
23	49685367927	92.53
23	48286306527	220.18
23	445669522527	113.22
23	443409218226	118.85
23	49151751641	77.29
23	48546782068	178.58
23	48689704893	166.51
23	48110873089	199.28
23	49204880865	79.88
23	48633115986	210.45
23	48490740887	231.18
23	33168133412	33.15
23	441921053276	125.05
23	49169657127	78.67
23	395269507380	113.48
23	48559733996	198.09
23	49254512259	79.24
23	391648296232	134.89
23	48570569286	208.87
23	49579599875	88.85
23	49292572296	90.92
23	443235551520	84.45
23	33156504195	30.74
23	49617232821	85.55
23	395585501294	128.39
23	49300424518	73.83
23	395463662937	153.17
23	48162340055	127.26
23	441348263101	118.57
23	444162742863	87.16
23	48296997567	158.64
23	445296116327	104.76
23	48316525036	189.44
23	48432418607	207.06
23	442766752655	114.85
23	445759241278	112.86
23	48450686415	207.80
23	396298026718	119.32
23	446752363237	88.76
23	48308625585	222.47
23	48212354893	181.44
23	48335043013	264.92
23	48637683407	223.00
23	48180731915	185.31
23	48335730722	211.17
23	443815091270	92.56
23	48476874073	220.30
23	49400370359	79.74
23	48519154360	131.02
23	33192794000	29.86
23	33239366628	29.79
23	444513105263	134.87
23	49691932789	85.48
23	48298014124	222.18
23	49418272538	86.26
23	33216383900	29.30
23	49433788601	96.06
23	48379924060	200.75
23	48382300541	243.11
23	33509587867	33.64
23	48630802017	244.86
23	446481352376	112.13
23	48656930714	132.95
23	394551303417	165.15
23	392252857299	128.37
23	48474239798	189.18
23	33693706507	31.60
23	48344795821	175.17
23	443140306852	90.91
23	443549275457	104.85
23	445022105248	81.83
23	442700431998	95.52
23	48322614260	243.95
23	49554322912	90.93
24	48213545807	219.12
24	445461388289	98.43
24	446737365548	104.27
24	48459119840	205.40
24	48337875115	240.62
24	48627666081	221.26
24	394586550648	145.05
24	33234763586	30.80
24	446931035673	93.46
24	48405670481	242.59
24	48241585285	239.34
24	48368705052	159.33
24	48566733590	184.42
24	48124353100	203.25
24	48684365350	187.25
24	441993572318	93.89
24	394156735145	147.24
24	33451136403	28.94
24	48272864838	179.10
24	48577340268	149.70
24	48533112912	216.17
24	48699627257	199.22
24	49419878102	93.13
24	48406502214	214.65
24	33690657136	31.27
24	48380261356	182.40
24	48126283707	199.22
24	48194818200	201.47
24	49209477240	80.98
24	444384720101	112.75
24	33683047914	30.13
24	48126778529	173.46
24	33262680911	28.50
24	48139516341	194.82
24	33651686479	30.55
24	33633610695	32.11
24	33633293229	30.28
24	48395704225	162.95
24	48501508194	247.97
24	48616982382	193.94
24	396752737103	141.24
24	33238696031	32.04
24	392194385752	126.18
24	33267135987	32.12
24	394911559042	101.33
24	395336191858	89.83
24	443500106098	125.46
24	446639426673	102.07
24	49144088093	92.21
24	444079358747	108.27
24	48684610656	207.51
24	445413768119	104.39
24	442548905726	107.93
24	49176680125	78.87
24	48468919656	213.85
24	48226187741	151.97
24	443396018634	88.65
24	49310681662	83.52
24	444362804254	89.46
24	442518968395	107.40
24	48663585139	151.22
24	33264587916	29.08
24	49235985555	78.76
24	444209797423	105.84
24	49234533732	88.34
24	48191735691	232.09
24	48548367443	244.08
24	49326761499	80.34
24	445854461085	106.17
24	33531283176	30.54
24	49278207631	81.22
24	48238360097	191.26
24	48227400256	238.10
24	446609198577	118.56
24	48266163615	152.59
24	48488688727	261.04
24	48138952145	158.33
24	48241451561	191.27
24	48587621958	170.93
24	33128837246	26.45
24	444565038725	92.42
24	48275602051	214.81
24	48465350933	212.31
24	446928658953	98.85
24	33351846194	30.82
24	48500053819	227.71
24	48416503503	167.65
24	48410419065	206.87
24	393395188347	103.59
24	48669477218	209.17
24	48507320315	216.37
24	48409539872	193.51
24	49519385668	79.39
24	446936150353	115.90
24	48199444289	246.90
24	48273306823	205.80
24	48223989247	183.49
24	392221906589	117.22
24	49666410434	79.07
24	48684204743	169.83
24	48535759054	217.24
24	48469660967	208.29
24	48210918268	162.74
24	48181989461	247.04
24	444368878616	91.72
24	48699830393	159.36
24	49484902226	77.12
24	48319988118	201.43
24	33511547701	30.56
24	441958724490	154.31
24	442795658097	111.66
24	444950374381	108.79
24	443030638553	136.41
24	443047189469	108.00
24	49517879997	80.95
24	33360853718	30.61
24	391971528069	118.23
24	446533504443	95.33
24	446532065511	94.47
24	48258898342	213.22
24	48418984658	224.78
24	49280766427	88.92
24	49605317735	91.73
24	442534784461	90.03
24	441488663845	105.60
24	49236106978	87.64
24	395043042652	121.62
24	49201610112	79.01
24	48238899919	165.61
24	48454012778	161.75
24	48549676076	191.76
24	49504957145	76.33
24	48596257806	192.71
24	33320914767	30.29
24	33540778050	30.72
24	49326962643	79.17
24	48613607700	258.79
24	48374904465	224.76
24	441686689947	116.78
24	48466527804	172.80
24	48478963125	154.43
24	49194663470	89.73
24	49416064546	85.09
24	49347105014	77.60
24	443580939290	104.31
24	49198260343	90.03
24	441677371503	134.95
24	48586834842	228.32
24	48551495175	178.63
24	49249029675	85.63
24	48334291355	183.42
24	48610242468	265.85
24	445114298251	117.72
24	48275726468	252.21
24	443742277322	138.31
24	444751801313	100.20
24	445869801045	108.20
24	33423309193	31.23
24	49433863968	82.76
24	444362365761	103.96
24	443815482841	119.16
24	48112691356	248.21
25	442284669462	117.83
25	443448422075	114.74
25	48395840451	252.72
25	48147339973	214.32
25	48487285272	240.39
25	441806878096	121.44
25	49317824933	89.75
25	48517952685	200.76
25	49162057545	83.28
25	48592289760	238.98
25	445761278831	125.17
25	49683254527	83.36
25	48300788296	244.70
25	48523303568	192.09
25	33336084951	27.75
25	33507174217	32.34
25	48625164843	205.71
25	48580014900	255.78
25	48265376056	186.54
25	445065329208	115.75
25	49232479087	82.15
25	49486972099	88.20
25	33167837202	31.43
25	48575722251	136.06
25	48307674947	192.25
25	391207845845	119.24
25	441979161180	81.36
25	48673087153	222.35
25	392220630718	154.90
25	48145306447	251.89
25	394281007248	130.91
25	441167388719	128.62
25	442527729532	88.30
25	445169782917	83.87
25	49319379568	78.61
25	443584710151	92.03
25	48541681286	174.10
25	48447641915	249.78
25	392508483964	115.53
25	443106847053	94.02
25	48567327462	242.48
25	48270041053	191.26
25	48371242781	212.50
25	49369657320	78.38
25	446693021673	116.16
25	48231478625	196.32
25	48576744177	181.57
25	394065280294	117.83
25	443260201345	109.25
25	48664635113	198.69
25	441159050265	110.55
25	48467289460	187.54
25	48485656717	232.78
25	49403685019	84.03
25	445684747742	107.49
25	442712920367	81.83
25	48516646359	197.17
25	48314380956	238.19
25	445462243229	118.57
25	446885906337	125.69
25	48117976578	198.11
25	48509863558	212.10
25	48540221718	199.92
25	33318693497	28.52
25	33459218977	29.71
25	49381054455	83.79
25	446665317579	79.10
25	49422483530	78.83
25	48354539098	308.18
25	395515975000	114.27
25	48154161380	157.60
25	48448281560	144.48
25	391343581878	156.34
25	48598596765	192.29
25	48404720634	188.01
25	33514381959	27.71
25	392503730968	131.88
25	49393998486	81.21
25	48122146832	215.11
25	48149281691	207.17
25	394640255486	116.56
25	48264015788	219.34
25	48435227928	208.49
25	441876224106	98.94
25	446933908444	99.54
25	48267919367	223.65
25	445608787108	143.22
25	48385773427	231.20
25	33407452925	28.35
25	48614596750	179.75
25	444581738789	95.82
25	48509750587	210.12
25	48409820175	229.91
25	48267513822	257.59
25	33212643906	30.32
25	48456723859	199.88
25	393152060241	147.20
25	446408097261	93.94
25	48521996362	216.92
25	442470275367	132.38
25	48552329594	149.61
25	33311499107	31.49
25	48420693333	212.20
25	395291421037	127.93
25	33151414256	29.75
25	49373090113	82.45
25	391828403809	107.28
25	446845591755	123.25
25	48547140953	203.18
25	33223695882	29.15
25	48521757020	216.28
25	444761200805	72.73
25	48170639863	192.26
25	48463176514	183.32
25	48576953392	251.59
25	48567371687	149.03
25	48573903328	163.06
25	49120101659	82.12
26	49423794835	75.80
26	48458005058	182.53
26	446546919378	132.47
26	33650381516	30.72
26	395324814385	141.65
26	49162525145	82.06
26	441210684249	102.96
26	443185728480	128.36
26	49212376814	81.25
26	48110616296	257.80
26	49318963055	85.36
26	444849614417	101.99
26	443477011302	111.23
26	48536694775	209.57
26	48448094394	261.82
26	49225264285	88.88
26	446187334806	126.39
26	49345995824	87.06
26	48234172877	227.22
26	49439201416	87.12
26	49538458471	78.87
26	48320611935	222.66
26	49350659045	91.06
26	48270734649	231.51
26	396630063303	167.51
26	442973954655	118.75
26	48429100014	161.20
26	394279439078	144.68
26	441163818256	106.16
26	445673465713	108.03
26	441421559212	116.56
26	445954821608	99.17
26	48619080784	235.61
26	442546525281	102.95
26	48289716169	255.21
26	49496027119	86.31
26	48379590752	223.32
26	445400901562	90.78
26	48396176460	246.29
26	446763652692	124.43
26	48128671957	261.89
26	443190894400	121.42
26	48578714153	195.17
26	48636388952	227.48
26	443661462260	84.36
26	393916557218	126.61
26	49226731860	83.48
26	394811144572	154.22
26	48407275674	210.00
26	49520432384	65.05
26	48669318929	282.92
26	49482164553	89.52
26	33227590954	30.15
26	48562464589	169.04
26	49246648730	86.56
26	49256207577	74.44
26	48161302252	176.13
26	48380848429	196.35
26	441966555000	110.46
26	48265807017	226.23
26	48232167449	249.00
26	49254707616	88.27
26	48516293167	167.95
26	49206958835	83.95
26	442973296383	132.81
26	48360851452	223.68
26	48415645890	182.18
26	48621783501	206.54
26	33265135833	31.98
26	48207219033	209.81
26	49138533549	86.86
26	442169884672	92.24
26	48567829305	199.37
26	445846261028	112.72
26	446350622724	134.31
26	48295972556	226.38
26	48544071306	217.97
26	49621791192	85.28
26	49342470967	88.82
26	48122812428	232.42
26	48163319801	248.49
26	49587115316	85.73
26	48638024921	161.55
26	445065185780	115.64
26	442091998002	107.22
26	33668209343	33.37
26	444674982508	139.08
26	48506703462	201.15
26	48310191000	183.44
26	392257851100	130.90
26	392261298652	115.19
26	49458327356	83.17
26	48678971085	213.50
26	49491801317	84.99
26	445969667456	130.80
26	48201917772	201.96
26	48540837568	197.28
26	49577849708	90.94
26	49577406268	89.77
26	443511535967	128.96
26	445349848983	108.85
26	445116128150	97.79
26	48523166338	240.25
26	49586258693	80.16
26	48217605884	201.86
26	49395506975	90.90
26	445823918691	104.93
26	446759295316	101.29
26	48543686580	220.39
26	443461411117	121.89
26	392094824617	132.57
26	49222071969	77.35
26	442881924235	108.15
26	48380708007	247.30
26	441906318016	98.09
26	394171671602	132.74
26	446512907508	105.56
26	443989628396	96.65
26	48416160820	177.05
26	48512715321	256.22
26	49183580232	85.84
26	48547612707	215.02
26	49436479296	92.53
26	33324348951	29.45
26	444474580162	64.91
26	33460685429	29.20
26	393409417519	137.62
26	33406076489	30.63
26	48306033774	209.56
26	33500391748	33.47
26	443253665392	108.58
26	48508978439	234.35
26	444756710375	104.49
26	444782376348	91.42
26	33336776083	32.47
26	49141271440	75.26
26	446865732409	98.31
26	48567787336	229.29
26	393095395196	151.87
26	33559371240	29.94
26	443966513163	96.93
26	394655351955	130.64
26	49152883221	91.13
26	393243060776	97.47
26	441741274039	113.66
26	49335254259	87.98
26	48686033882	203.62
26	48566162541	206.68
26	444460778804	101.65
26	444864476107	119.61
26	48528675946	245.60
26	33356761354	28.13
26	48297356944	170.16
26	48243385996	171.26
26	443058100975	137.01
26	391989828769	93.82
26	48567118550	223.47
27	441405981890	138.32
27	396763824877	64.33
27	443597797690	81.81
27	48370140008	248.46
27	49548700991	87.09
27	49219116297	92.26
27	445105813575	120.80
27	445001351833	97.57
27	48437970406	214.22
27	48456185945	225.67
27	33304204030	30.88
27	48565661563	195.47
27	48176613848	190.80
27	442119732452	92.00
27	49245642211	84.54
27	49696699512	83.21
27	48393223904	242.08
27	33523798057	30.64
27	33309069122	30.21
27	395651492537	107.16
27	49290880674	90.27
27	48405054374	193.24
27	48279238196	182.86
27	444039901752	122.69
27	49479915286	87.23
27	445743340065	90.56
27	391248261963	128.82
27	48468763848	198.06
27	49640100569	82.87
27	444568438991	118.31
27	49298940757	87.11
27	48685310261	206.38
27	48632257873	220.94
27	48678768439	218.64
27	49374715881	87.94
27	33635355880	31.82
27	48304540440	221.30
27	49163529664	86.99
27	441487884377	110.63
27	33662113674	27.48
27	48622315310	173.39
27	48618917463	225.50
27	442990872627	99.88
27	441535571098	132.05
27	445258600259	98.13
27	48406973914	221.88
27	48146434568	175.21
27	49382807832	88.46
27	445974484401	121.90
27	48464841659	210.29
27	49459133749	89.75
27	48527349653	259.70
27	442987826489	115.39
27	48407218626	173.94
27	48611720946	108.66
27	442605652674	97.08
27	33519004450	30.12
27	445767440939	112.26
27	441914911850	130.75
27	49394418758	84.50
27	48409627412	178.83
27	33629109367	26.23
27	48121856853	262.32
27	444178219020	101.92
27	444008698336	79.57
27	446391943007	104.02
27	33154594592	30.90
27	48601417585	167.05
27	444662267289	108.44
27	48111649614	207.58
27	33151090945	29.26
27	48666536524	214.57
27	48571179857	196.57
27	48134859157	195.65
27	391705725305	115.78
27	49542162811	82.87
27	441218545878	116.14
27	33439316425	33.75
27	48281417555	213.43
27	446993036773	90.45
27	48311471081	165.21
27	445688927793	81.89
27	49562503307	88.75
27	48234932949	238.58
27	445354166950	109.59
27	445166733438	129.40
27	49490241670	87.30
27	48199520129	191.76
27	48271786138	215.71
27	33142803915	31.91
27	48437356529	195.02
27	48606090195	262.66
27	48589810294	231.93
27	48436671167	182.28
27	446258412149	116.94
27	33452024931	27.57
27	49197373647	90.65
27	445667794439	118.79
27	444562338677	127.97
27	48408487124	270.09
27	443148712247	113.98
27	49451451470	91.27
27	48699975111	194.59
27	48231400489	203.41
27	443426805907	89.38
27	442149353123	94.44
27	48659894610	215.86
27	48515523928	207.46
27	33117395164	31.44
27	48630815807	279.83
27	49685306194	79.47
27	444177999368	103.13
28	441644325201	81.49
28	48453536570	161.62
28	443285009071	134.24
28	48583824506	192.18
28	446014146577	107.36
28	49228206225	90.38
28	48469682405	207.36
28	48439301134	201.76
28	48255220603	178.20
28	48306033796	216.04
28	48688511627	204.51
28	48560874276	214.58
28	48685646982	166.99
28	444506128231	128.62
28	443050303121	99.58
28	49290932339	78.73
28	48456793489	193.16
28	49582034036	80.04
28	48258622486	190.89
28	33521301875	29.10
28	48204224027	244.44
28	48337092065	225.27
28	48637307149	181.59
28	441394791429	110.60
28	48115186686	148.82
28	48416527874	158.02
28	48144183705	218.57
28	48631150831	168.53
28	33392314889	30.45
28	49124891356	81.31
28	49299055575	91.74
28	443025020828	117.82
28	441141329821	119.90
28	48550369176	197.98
28	48633324061	143.05
28	48396891166	206.86
28	49265709406	87.41
28	442854052505	115.23
28	48458125503	249.70
28	49228067697	85.00
28	444417101633	107.91
28	441859017250	139.90
28	33179131098	30.30
28	48499143584	177.38
28	49223611893	86.58
28	48583983679	235.79
28	445514902917	98.09
28	49164276408	88.01
28	48674278971	219.14
28	396532929604	161.64
28	33551368815	29.54
28	443966575933	97.06
28	48467515978	221.27
28	446790721700	117.83
28	48329238116	171.80
28	48507398733	219.09
28	48526499326	190.32
28	48202265141	195.23
28	49524372045	82.07
28	444143373138	119.42
28	392203308925	74.18
28	392933503593	144.50
28	48373307401	225.70
28	393119650963	124.96
28	33313171106	29.16
28	48275507125	168.51
28	49491135723	86.94
28	393227283083	114.27
28	48152793692	198.96
28	441976410737	124.72
28	48162513763	193.36
28	48390439625	168.15
28	48658280694	180.18
28	444016730469	114.24
28	393713337447	115.84
28	48346783734	186.60
28	48346287420	250.77
28	48472011305	212.44
28	48189289533	216.04
28	48300570034	178.21
28	445631472051	98.94
28	443905040539	98.69
28	49120881338	84.26
28	48281518969	258.88
28	48182604623	206.39
28	48507417985	166.49
28	48253143436	177.49
28	48220092142	212.15
28	49462163439	86.64
28	33661508288	31.46
28	49301599453	82.13
28	48573426251	188.00
28	49120261181	81.64
28	48659271550	138.29
28	444979327343	109.58
28	49560599935	86.63
28	446038954072	70.58
28	48485012446	198.87
28	49190341307	75.42
28	49325145226	86.21
28	443633148317	126.40
28	444402330445	94.50
28	443982956271	132.39
28	445998224863	103.75
28	48626778704	135.90
28	48387025969	148.87
28	48264762938	132.08
28	48658788508	247.96
28	446013785096	103.68
28	444958724097	90.84
28	394208209208	110.89
28	444234228700	156.07
28	441418123446	126.22
28	48480397804	233.32
28	49368529149	80.44
28	441182736960	107.64
28	49468783629	85.42
28	445238018133	102.91
28	444170090833	101.38
28	33586610213	28.56
28	49153110333	79.76
28	48563022030	175.90
28	442108068895	81.75
28	444841212703	132.75
28	445524005556	85.78
28	48181037645	199.38
28	48528272691	187.66
28	48625718688	162.86
28	49421738463	82.81
28	442740327995	84.62
28	48314743831	159.63
28	49333470346	85.75
28	396626496182	111.01
28	33485715956	29.21
28	444189896208	123.36
28	444293248848	95.78
28	33112743354	29.88
28	442468805351	109.08
28	48667316028	165.43
28	441281891843	100.00
28	49411590412	97.98
28	392816289251	108.89
28	48176472733	215.08
28	48462343589	199.62
28	48434738679	254.33
28	48674820328	185.97
28	49689015058	85.31
28	33525992523	31.31
28	445283105617	77.47
28	49538829171	86.09
28	49236350895	71.57
28	48454749075	160.16
28	392906453026	152.01
28	446491234667	122.15
28	49228083604	90.73
28	49150104735	86.77
28	48635954927	211.06
28	48312732693	175.33
28	48474797705	198.54
28	442091460184	104.52
28	48157204027	201.18
28	49424492059	86.73
28	48283383666	191.94
28	445131946032	117.15
28	48254859226	209.41
28	48409171301	221.78
28	394652051595	114.17
28	48286013082	205.97
28	446526918314	108.02
28	48632258395	224.23
28	441438194113	100.99
28	48454722205	194.45
28	48461292647	174.54
28	392041168069	127.96
28	48158302441	173.13
28	442404990684	110.57
28	395572150966	91.46
28	48341087861	214.27
28	48466545696	220.79
28	441352801792	127.41
28	48118182006	202.76
28	441118715450	113.48
28	394194184748	100.89
28	48253109569	244.29
28	33319099382	28.88
28	48263617583	217.54
28	49599159727	91.53
28	49635100635	73.54
29	48258049508	137.31
29	441172022371	109.42
29	48146838241	198.58
29	443319637013	102.32
29	49325728557	90.11
29	48453241528	201.93
29	49130658979	88.48
29	391352546366	113.94
29	446042220675	79.68
29	49537766167	81.09
29	48550616356	270.70
29	395654565994	141.27
29	391695715766	167.42
29	48156319313	187.94
29	392058713248	129.35
29	442670690165	101.02
29	396785779163	181.83
29	48269014589	157.83
29	33306162057	31.05
29	392658378522	127.06
29	442373295113	135.27
29	446062606612	99.33
29	33229721377	30.37
29	48383705383	182.64
29	48534941545	230.29
29	49587432724	90.11
29	391939891651	125.96
29	442660360816	112.43
29	48522648493	207.91
29	48414751952	151.78
29	48588186439	213.50
29	443819871436	106.71
29	442801420701	114.52
29	393523783842	127.51
29	48300269989	239.92
29	48684400272	226.65
29	48434889994	209.00
29	33124327616	30.25
29	49411298152	85.87
29	49544724203	86.85
29	33481383508	31.61
29	33405570714	28.22
29	48609993664	177.39
29	48277755023	168.56
29	49298504520	88.40
29	443843996874	115.62
29	49501781242	92.47
29	441683330746	81.24
29	48360295931	208.83
29	49647423434	84.94
29	48649931929	154.48
29	444856725640	143.49
29	49570654363	84.44
29	444790211778	113.23
29	445621074897	99.65
29	49268932148	76.37
29	48502492373	173.61
29	48537243545	183.51
29	48420656200	211.74
29	396923976837	132.61
29	48587813336	244.39
29	48639870489	196.96
29	48348593016	165.90
29	48423624387	163.70
29	443962113175	110.36
29	443186500467	128.39
29	49122509423	89.17
29	33440687166	30.47
29	444536559346	113.53
29	48124923242	225.72
29	48667916753	226.20
29	48580498639	188.08
29	443796426407	90.99
29	48437055951	189.00
29	48126287924	184.62
29	48639374809	246.43
29	48198496890	226.33
29	442837825643	84.84
29	445699845200	107.46
29	48215772486	231.12
29	48604588835	164.00
29	445181530952	139.27
29	48624540698	193.44
29	48648114284	205.29
29	33127702317	30.21
29	442955649938	101.93
29	394349455188	109.89
29	48507323022	182.46
29	48630583728	220.91
29	48671147698	200.77
29	48360449454	179.70
29	446214856600	102.92
29	49140053578	85.85
29	443921739240	99.93
29	33150281719	30.17
29	48500426551	203.69
29	48663811530	247.47
29	49127840054	83.46
29	48117518901	216.85
29	49196801687	86.52
29	445972343837	109.14
29	445727224574	89.47
29	49200842684	75.94
29	48238335781	194.02
29	391131987653	148.29
29	33634951565	28.89
29	49148005698	86.60
29	443882097367	96.36
29	444385329637	107.19
29	446977784153	111.91
29	391257453791	138.49
29	444849940377	91.79
29	48584196470	188.06
29	48231089180	158.25
29	443747415265	89.23
29	49662761095	85.49
29	48619701409	214.63
29	49554627992	98.31
29	48591677598	211.50
29	48288161113	237.74
29	396240180189	129.40
29	33662656012	28.84
29	445662176522	106.83
29	48533669263	214.76
29	48311992000	133.49
29	391496313691	142.95
29	49362942684	83.83
29	48302130903	225.17
29	442269411042	107.92
29	391280911229	105.58
29	48373562547	186.52
29	393160876477	124.67
29	48556382620	217.83
29	48488404404	197.81
29	33443140904	31.18
29	49388148602	89.05
29	48270879268	219.40
29	446881350541	127.58
29	48199024941	180.43
29	48310127021	220.78
29	394209848781	128.56
29	444895848856	111.04
29	445051501500	141.11
29	395090995261	138.69
29	49432095180	84.92
29	48664756764	246.00
29	396887950429	106.46
29	446303891443	100.94
29	445599784112	90.41
29	446778019300	102.79
29	48614686936	208.61
29	48639705012	174.11
29	48227714576	228.19
29	391649427956	125.96
29	33384815511	29.26
29	444672338747	110.42
29	441960469513	113.36
29	391988416615	123.33
29	33169351354	28.32
29	49167691087	71.82
29	445537947616	91.56
29	49306845251	88.93
29	48399277395	232.49
29	391832269103	116.25
29	442507860796	91.68
29	444795638089	85.50
29	48482975499	203.28
29	48671551719	260.88
29	48451715080	169.61
29	49188079307	83.55
29	48571694733	201.75
29	49560530608	89.10
29	33358090667	28.74
29	33507241953	30.16
29	445345721707	127.25
29	48503369265	154.95
29	444209055446	113.22
29	48342113844	201.86
29	445409522861	161.91
29	48217801057	155.72
29	48590243977	196.40
29	48507844783	215.42
29	446546570156	118.45
29	48635543714	224.71
29	48325565627	207.79
29	48620621078	244.38
30	441202182739	78.22
30	444558558434	134.83
30	48579224180	223.76
30	443285772977	120.39
30	444684024385	120.03
30	33445133947	28.50
30	48454591806	154.40
30	49173146805	80.59
30	391771399564	115.55
30	48693816899	221.46
30	48150770975	250.14
30	48619901890	166.99
30	48628401464	181.26
30	48248379128	216.12
30	48172356021	207.81
30	443820186928	91.70
30	48645829999	201.36
30	49245274053	82.40
30	445647904026	109.02
30	48601447226	237.86
30	48171127731	220.81
30	444404118754	125.68
30	48466743764	213.94
30	33689507282	28.33
30	49672515623	85.50
30	443248256618	91.71
30	392027412440	129.37
30	49461134307	84.23
30	48407019589	221.03
30	33126230032	29.64
30	48176062899	195.36
30	395956087209	154.30
30	48259732916	225.84
30	48253563806	205.69
30	444989767342	96.79
30	443457879837	141.33
30	49671951948	85.69
30	49218388675	81.75
30	442889084890	92.32
30	394925493945	147.96
30	49196820867	82.30
30	442883043002	116.16
30	49579498536	86.96
30	442717139291	133.04
30	442039071376	119.46
30	445587715331	103.89
30	33185895672	31.47
30	48347698366	176.86
30	48673394360	255.16
30	443885838034	112.32
30	446487768775	91.14
30	444661369287	96.20
30	48479796086	228.09
30	443690081835	99.01
30	48565856412	189.16
30	445432836597	103.73
30	48241644570	230.53
30	48344571554	260.44
30	444637281476	90.42
30	446931425282	116.30
30	48424000468	273.88
30	49591336289	78.90
30	48166198748	206.31
30	48645337732	169.40
30	392017994190	136.34
30	48481893485	218.55
30	442372009664	90.48
30	442715545685	118.56
30	48387644875	208.20
30	442725422179	126.09
30	442277376284	114.36
30	391857428472	126.29
30	442189209134	128.35
30	48612789734	229.29
30	33147191290	29.75
30	446273185955	130.48
30	446484046478	105.92
30	442493407826	93.74
30	48197039854	183.52
30	443922950113	100.17
30	48607479779	164.61
30	48167870853	207.82
30	391103890996	73.20
30	49184210716	85.74
30	33440973484	30.12
30	48326734305	207.24
30	48431161270	210.42
30	33437757887	29.15
30	445511200365	133.69
30	49515168888	87.77
30	48636361808	172.80
30	33195969935	30.97
30	48492552651	157.32
30	33150000182	28.85
30	48412196815	175.10
30	33506499805	27.79
30	48395992474	201.87
30	443564669499	125.29
30	445685248030	100.77
30	49235921883	80.25
30	49503339293	92.21
30	48623346211	182.09
30	445404405840	107.25
30	442884086077	112.71
30	48391389654	269.11
30	49321834729	85.89
30	392522668302	145.93
30	48650675820	194.50
30	48594988277	182.62
30	48465247348	229.23
30	444909741837	108.21
30	49370065349	84.50
30	49488359516	86.63
30	33411628113	32.80
30	48434083617	219.49
30	48631700481	237.55
30	48533171649	170.87
30	441279846595	99.30
30	48698276012	175.53
30	48663923806	178.58
30	48141471826	155.42
30	48219104945	195.01
30	48648439396	215.56
30	48137825451	154.96
30	48472851694	216.82
30	48330752649	194.75
30	441802582841	111.81
30	33290262340	28.16
30	443062743644	133.19
30	48661974330	204.42
30	49560907535	81.14
30	48523238429	152.90
30	441392341269	123.27
30	48342669217	218.29
30	48244858508	177.86
30	48563551853	246.50
30	393625179910	115.66
30	441435181175	111.88
30	48300289277	193.77
31	33232888728	32.08
31	49286544309	84.53
31	48271078239	212.92
31	49314741228	80.55
31	48250100359	227.79
31	33326047303	31.67
31	444402325975	104.75
31	444428918965	96.27
31	48653255521	181.75
31	446726729749	112.17
31	445101513089	121.81
31	33674435652	29.01
31	444030722496	110.20
31	49649369548	90.80
31	48281366355	226.13
31	49252687931	79.68
31	395744387229	100.96
31	48210374092	259.02
31	49579999409	93.05
31	48594308306	240.60
31	441226697122	121.46
31	49436929672	78.28
31	49664490607	82.57
31	444707643560	97.47
31	444604475770	117.66
31	48647674376	156.77
31	48215255521	170.03
31	49665391720	82.27
31	49466376495	89.75
31	395688848591	155.69
31	48468677908	225.35
31	441267496360	91.41
31	48682541275	188.09
31	49620137812	84.80
31	33396130961	33.53
31	48381078208	172.07
31	33615346038	30.42
31	48461426911	174.02
31	446565195470	87.93
31	49401836370	73.82
31	48581152551	200.33
31	48677851231	202.05
31	48692481018	221.02
31	48173542406	156.06
31	49434773800	81.78
31	396741378754	121.26
31	49228886078	86.87
31	48590045047	226.09
31	48332878281	199.45
31	443721761244	110.68
31	48540812520	224.69
31	49655305574	87.21
31	48181005109	175.56
